1
452510382 
2
672833275   -460261357 
-460261357   672833275 
2
871617006   136621223 
136621223   871617006 
3
-954312423   579325916   -995296767 
480417406   859363788   480417406 
-995296767   579325916   -954312423 
3
-725617146   -694467732   -349097953 
-713151612   870055702   -713151612 
-349097953   -694467732   -725617146 
3
-216426015   790848986   509939831 
664757349   118422593   664757349 
509939831   790848986   -216426015 
4
-724279389   539319174   487462210   100760608 
-592415730   528615123   856060661   202562778 
202562778   856060661   528615123   -592415730 
100760608   487462210   539319174   -724279389 
4
39949303   -613525062   432117402   617662281 
412465733   992248619   869130424   -448574766 
-448574766   869130424   992248619   412465733 
617662281   432117402   -613525062   39949303 
4
-919763416   262249849   -917861142   320813942 
-509704983   -918348375   350637977   -68573768 
-68573768   350637977   -918348375   -509704983 
320813942   -917861142   262249849   -919763416 
4
-271273556   714833089   571628361   -676337643 
988119422   -849461060   -418217216   -90620709 
-90620709   -418217216   -849461060   988119422 
-676337643   571628361   714833089   -271273556 
-1
