13
557577469   -561037394   -108950067   348387272   -69777548   -905906657   -851777915   254624773   511972278   627872389   141747739   -789220059   582749691 
-677908895   -548066893   474604060   675256437   182694417   -113886397   651364638   417168264   861423693   511072798   -873477377   -286562654   -761185404 
896491506   -531754661   -111842738   656122035   669387925   204735818   577996461   -294016149   -860674496   -198925830   16712453   -214499812   862467961 
631853491   171837212   503749976   -865427827   56345278   885632556   4715743   -471559924   208040463   182179082   -720753615   -392290649   888846703 
-65057557   193344349   897198382   811094176   702669049   357573607   496383637   92947739   594420612   390115753   -894199478   -202494893   -945963198 
-589765953   9630655   453179842   96770315   -166904151   660633316   414935918   449018456   931845866   -901163494   -23405422   -687450306   -78689325 
301189517   -304260749   -209317932   -948373315   -634262518   -572768686   -32291446   -572768686   -634262518   -948373315   -209317932   -304260749   301189517 
-78689325   -687450306   -23405422   -901163494   931845866   449018456   414935918   660633316   -166904151   96770315   453179842   9630655   -589765953 
-945963198   -202494893   -894199478   390115753   594420612   92947739   496383637   357573607   702669049   811094176   897198382   193344349   -65057557 
888846703   -392290649   -720753615   182179082   208040463   -471559924   4715743   885632556   56345278   -865427827   503749976   171837212   631853491 
862467961   -214499812   16712453   -198925830   -860674496   -294016149   577996461   204735818   669387925   656122035   -111842738   -531754661   896491506 
-761185404   -286562654   -873477377   511072798   861423693   417168264   651364638   -113886397   182694417   675256437   474604060   -548066893   -677908895 
582749691   -789220059   141747739   627872389   511972278   254624773   -851777915   -905906657   -69777548   348387272   -108950067   -561037394   557577469 
14
-137822254   145235246   -591115786   -69280131   966726084   295097576   896792769   822454985   604726780   -429792502   -592778712   -996153780   -503290467   -956824159 
-963687027   -301880182   522603055   -65988956   -10768775   -221555460   -374369686   446204635   -269315747   191507257   -479007322   -344552098   996200457   611107594 
-199936146   -63768111   -639821030   -273114782   -688579227   -912397020   -162217303   -134815268   396329437   509054861   -606879910   439438341   198202281   874940093 
-292409533   -26629040   -318373963   -275999151   -649998338   46338360   48859125   592269492   -649807702   -612948601   -751111271   -200753707   -295515820   126485816 
-853457984   378688462   -276386401   -732003268   -393576319   -952869217   -100240196   -455332533   317827309   -693185748   -23863266   151922580   109761598   669082653 
568301983   -84004877   -600748860   601195584   105903779   -93760994   370690524   -125294638   229794657   526134857   468261020   268368496   -630338620   183113941 
-340960867   -633144994   -778992878   -110288397   124373090   998830205   -544424906   -594267854   -784751512   -267264913   -869655649   -431008293   580044237   791053253 
791053253   580044237   -431008293   -869655649   -267264913   -784751512   -594267854   -544424906   998830205   124373090   -110288397   -778992878   -633144994   -340960867 
183113941   -630338620   268368496   468261020   526134857   229794657   -125294638   370690524   -93760994   105903779   601195584   -600748860   -84004877   568301983 
669082653   109761598   151922580   -23863266   -693185748   317827309   -455332533   -100240196   -952869217   -393576319   -732003268   -276386401   378688462   -853457984 
126485816   -295515820   -200753707   -751111271   -612948601   -649807702   592269492   48859125   46338360   -649998338   -275999151   -318373963   -26629040   -292409533 
874940093   198202281   439438341   -606879910   509054861   396329437   -134815268   -162217303   -912397020   -688579227   -273114782   -639821030   -63768111   -199936146 
611107594   996200457   -344552098   -479007322   191507257   -269315747   446204635   -374369686   -221555460   -10768775   -65988956   522603055   -301880182   -963687027 
-956824159   -503290467   -996153780   -592778712   -429792502   604726780   822454985   896792769   295097576   966726084   -69280131   -591115786   145235246   -137822254 
14
569718772   -614850661   888761654   -471137729   349485136   192447436   -172865308   -318541133   656491469   433968577   297156975   616673673   -193580039   283507469 
844334397   963644885   -140897059   -800106178   744914378   719245526   -33199592   -222468072   -930826189   -265108403   -766962360   802851214   -84109102   999128639 
-447445467   -790109183   307498353   -739628019   -330802846   -283236608   -677879734   401667001   574417973   -38101195   -486554445   383591326   -770781973   263895033 
-793970440   -96276298   455287317   -669327013   -816401070   -11490141   844123187   -789456367   999128566   -640477772   417679643   703306667   372337336   557380630 
52707770   282864667   -903807489   620526301   -546536149   -616540347   -314214645   -304987873   -179790661   -719989877   13162987   914913050   -212470384   201058541 
432767250   693958920   -618276929   638874254   836304534   -34185138   294681835   988187892   -889395045   417632590   -507330586   76130769   -47553552   955934444 
194563467   -820631323   -942794321   -31945455   413326594   -871118610   -643715131   283284412   179433495   -299705852   -977842910   686420455   -806694996   -515799281 
-515799281   -806694996   686420455   -977842910   -299705852   179433495   283284412   -643715131   -871118610   413326594   -31945455   -942794321   -820631323   194563467 
955934444   -47553552   76130769   -507330586   417632590   -889395045   988187892   294681835   -34185138   836304534   638874254   -618276929   693958920   432767250 
201058541   -212470384   914913050   13162987   -719989877   -179790661   -304987873   -314214645   -616540347   -546536149   620526301   -903807489   282864667   52707770 
557380630   372337336   703306667   417679643   -640477772   999128566   -789456367   844123187   -11490141   -816401070   -669327013   455287317   -96276298   -793970440 
263895033   -770781973   383591326   -486554445   -38101195   574417973   401667001   -677879734   -283236608   -330802846   -739628019   307498353   -790109183   -447445467 
999128639   -84109102   802851214   -766962360   -265108403   -930826189   -222468072   -33199592   719245526   744914378   -800106178   -140897059   963644885   844334397 
283507469   -193580039   616673673   297156975   433968577   656491469   -318541133   -172865308   192447436   349485136   -471137729   888761654   -614850661   569718772 
14
177163546   662155347   -803159422   -409213215   498829012   -687159250   -833781486   61801286   -348019576   716263762   932349763   -396205817   536703941   566379360 
-532669730   977320341   640882863   822923823   -457777325   -966262239   -820339532   114122325   518173126   633016067   -139120491   -647761147   672960163   459526521 
-248931847   294748305   49565428   376685422   -547799825   359752565   696528942   -407906337   92453845   -928057680   150300157   -935973244   -307395176   -379429319 
-416315589   906885126   -390857683   621537735   -278442248   210572420   366963450   -339349938   -816601106   -390178968   -281859137   670518776   606265027   771252225 
987495650   -529162003   60952237   -968365902   620241542   -231776141   706663738   112478157   -7076027   612337660   321454993   -911462045   502306325   831556470 
-737588787   797007907   221657744   413761381   -825697203   -248671440   42088113   702454324   -233592507   -132432111   -74810549   762571083   -896724978   527751312 
369496351   -41472433   -41180537   397619635   880233369   -143352043   -958394194   563295866   -373664490   -422332637   155872819   -384386984   478325449   499516833 
499516833   478325449   -384386984   155872819   -422332637   -373664490   563295866   -958394194   -143352043   880233369   397619635   -41180537   -41472433   369496351 
527751312   -896724978   762571083   -74810549   -132432111   -233592507   702454324   42088113   -248671440   -825697203   413761381   221657744   797007907   -737588787 
831556470   502306325   -911462045   321454993   612337660   -7076027   112478157   706663738   -231776141   620241542   -968365902   60952237   -529162003   987495650 
771252225   606265027   670518776   -281859137   -390178968   -816601106   -339349938   366963450   210572420   -278442248   621537735   -390857683   906885126   -416315589 
-379429319   -307395176   -935973244   150300157   -928057680   92453845   -407906337   696528942   359752565   -547799825   376685422   49565428   294748305   -248931847 
459526521   672960163   -647761147   -139120491   633016067   518173126   114122325   -820339532   -966262239   -457777325   822923823   640882863   977320341   -532669730 
566379360   536703941   -396205817   932349763   716263762   -348019576   61801286   -833781486   -687159250   498829012   -409213215   -803159422   662155347   177163546 
14
-138144965   742891650   466892072   -806909278   -912501471   793638771   960049717   -639641572   159563044   -267453585   487697018   243047332   -505385873   523148273 
-455083806   53486921   948099280   461793162   -153021905   521275462   -656137809   -13874638   -585914806   259023643   711302847   -935834086   -592750480   -782759243 
229152911   -364136901   38633640   124330298   355528107   89932013   -341834312   -189809956   -177535486   285426010   -787495915   492364525   -937978434   752319307 
-157146827   -474507216   861348385   -349166387   -659387550   -25202329   744219745   925328276   224016793   205100974   855369188   -15652741   633213777   -639273082 
9210251   -578373668   423682606   -682094675   -726922011   -589037123   760220706   -394847566   213587344   -256822955   -18326990   229944493   121662379   506812527 
-804853726   -876573330   985839390   966694973   -282856675   760955300   -764375265   303419788   -666467124   -515954031   353031016   341545377   -189987318   -574946280 
-550532242   -794657926   -335065747   993282085   -30215324   322193902   300945928   -215754818   857545916   285295345   863391593   -423375401   351674121   -619244502 
-619244502   351674121   -423375401   863391593   285295345   857545916   -215754818   300945928   322193902   -30215324   993282085   -335065747   -794657926   -550532242 
-574946280   -189987318   341545377   353031016   -515954031   -666467124   303419788   -764375265   760955300   -282856675   966694973   985839390   -876573330   -804853726 
506812527   121662379   229944493   -18326990   -256822955   213587344   -394847566   760220706   -589037123   -726922011   -682094675   423682606   -578373668   9210251 
-639273082   633213777   -15652741   855369188   205100974   224016793   925328276   744219745   -25202329   -659387550   -349166387   861348385   -474507216   -157146827 
752319307   -937978434   492364525   -787495915   285426010   -177535486   -189809956   -341834312   89932013   355528107   124330298   38633640   -364136901   229152911 
-782759243   -592750480   -935834086   711302847   259023643   -585914806   -13874638   -656137809   521275462   -153021905   461793162   948099280   53486921   -455083806 
523148273   -505385873   243047332   487697018   -267453585   159563044   -639641572   960049717   793638771   -912501471   -806909278   466892072   742891650   -138144965 
14
-822256287   -303757599   -674878696   -684434511   -321824957   86613620   246668744   408817175   208135160   966313105   389146804   874832697   272677327   -474703442 
639726879   857894444   189402547   -666281608   -196502419   -570558901   122615011   303573278   -168502820   646524558   -782960246   -279012878   -87912836   -1831941 
752625238   568337422   -887349869   998236058   -563073652   -541221744   73535805   -491156173   219378373   737998847   255171797   762688116   423009752   -99315440 
-876625244   -288600282   -222709627   353801471   768072274   -186583314   -712269937   334945933   -805665661   353118349   954288256   662683520   -793022646   207625757 
-626301419   624355551   -409085289   -763542496   -32380212   -813953841   487600250   981282495   622386404   -190058699   756049730   749085093   807764226   -230695515 
-59498155   149183270   -399524364   363067021   450184777   343624537   657385975   -486295525   479036234   543489691   683888246   -12393763   -486813168   679630656 
112588234   -82879671   509522422   -72584883   80573807   508626686   605424378   -793293557   -263749433   -718808827   -67197783   -47299382   525857850   82155541 
82155541   525857850   -47299382   -67197783   -718808827   -263749433   -793293557   605424378   508626686   80573807   -72584883   509522422   -82879671   112588234 
679630656   -486813168   -12393763   683888246   543489691   479036234   -486295525   657385975   343624537   450184777   363067021   -399524364   149183270   -59498155 
-230695515   807764226   749085093   756049730   -190058699   622386404   981282495   487600250   -813953841   -32380212   -763542496   -409085289   624355551   -626301419 
207625757   -793022646   662683520   954288256   353118349   -805665661   334945933   -712269937   -186583314   768072274   353801471   -222709627   -288600282   -876625244 
-99315440   423009752   762688116   255171797   737998847   219378373   -491156173   73535805   -541221744   -563073652   998236058   -887349869   568337422   752625238 
-1831941   -87912836   -279012878   -782960246   646524558   -168502820   303573278   122615011   -570558901   -196502419   -666281608   189402547   857894444   639726879 
-474703442   272677327   874832697   389146804   966313105   208135160   408817175   246668744   86613620   -321824957   -684434511   -674878696   -303757599   -822256287 
14
392694386   514281177   561700372   -626610125   373725200   277493333   300571   -474397592   889729144   -885240897   -700245371   623811310   -567444721   49037633 
-760793351   -572712122   428631114   897506320   -731623191   309826370   -198222609   -744884174   100475789   661071411   -873660523   -125392287   754087144   587626677 
-168170720   -158097350   -210883720   -805567620   278811634   625345297   -537491495   -136797214   792702749   -439770997   108819981   826713722   960079995   415357484 
-141035110   -693732678   -486658265   923769893   993253867   803133397   -483914390   918824468   -166716031   -878232896   -189138866   -272076307   -6607647   390192142 
272693820   802735340   -635894127   541405077   -498320629   -382523029   -702677244   -667069410   -967836635   -926128881   353050395   475244887   337067841   352360826 
934324600   -70888831   903059296   -164168976   -48301159   756660295   -836704128   -323368946   164221352   905136104   -371158629   -758852446   819114187   590596865 
-371157213   -763960907   -390269192   90637452   -346193146   795541865   -730508505   192590190   -179365664   197765620   -805283592   -593049653   -531023107   -497407443 
-497407443   -531023107   -593049653   -805283592   197765620   -179365664   192590190   -730508505   795541865   -346193146   90637452   -390269192   -763960907   -371157213 
590596865   819114187   -758852446   -371158629   905136104   164221352   -323368946   -836704128   756660295   -48301159   -164168976   903059296   -70888831   934324600 
352360826   337067841   475244887   353050395   -926128881   -967836635   -667069410   -702677244   -382523029   -498320629   541405077   -635894127   802735340   272693820 
390192142   -6607647   -272076307   -189138866   -878232896   -166716031   918824468   -483914390   803133397   993253867   923769893   -486658265   -693732678   -141035110 
415357484   960079995   826713722   108819981   -439770997   792702749   -136797214   -537491495   625345297   278811634   -805567620   -210883720   -158097350   -168170720 
587626677   754087144   -125392287   -873660523   661071411   100475789   -744884174   -198222609   309826370   -731623191   897506320   428631114   -572712122   -760793351 
49037633   -567444721   623811310   -700245371   -885240897   889729144   -474397592   300571   277493333   373725200   -626610125   561700372   514281177   392694386 
14
-664785437   -805083602   -757732524   724798892   533105799   -785819777   430548199   -631147073   -262918953   -713926348   -333434169   -306173583   -176199137   -495933656 
38840316   306636579   600726223   132922248   -131003410   -425551159   128754281   643254696   400429807   528560412   -485168746   -880774460   -565422523   -686465634 
-758772819   600742460   -60229702   475877279   319953049   447598426   786742295   242477230   -385851292   -30212676   -182877799   -331264728   -609010343   -475553717 
-144682470   -403876051   -628046823   -758443013   -781540595   -534567275   -222835093   855710246   231084772   -510347912   -792181210   899670066   -174950303   -510747333 
-432059910   58657754   973439387   319213879   -573180584   783837208   29282   -564120331   867849096   -938002876   526808742   -112925383   321966460   81696350 
853582002   -112779159   -72466719   176921373   -92386049   28899940   245421877   -135768231   -974978803   633434292   -349957709   -168607727   -149439338   -359052148 
-845735932   137811702   352995191   -291947995   -132860548   -820688957   209899730   -105248182   -37007769   39734006   987713256   962464409   -302511970   427807808 
427807808   -302511970   962464409   987713256   39734006   -37007769   -105248182   209899730   -820688957   -132860548   -291947995   352995191   137811702   -845735932 
-359052148   -149439338   -168607727   -349957709   633434292   -974978803   -135768231   245421877   28899940   -92386049   176921373   -72466719   -112779159   853582002 
81696350   321966460   -112925383   526808742   -938002876   867849096   -564120331   29282   783837208   -573180584   319213879   973439387   58657754   -432059910 
-510747333   -174950303   899670066   -792181210   -510347912   231084772   855710246   -222835093   -534567275   -781540595   -758443013   -628046823   -403876051   -144682470 
-475553717   -609010343   -331264728   -182877799   -30212676   -385851292   242477230   786742295   447598426   319953049   475877279   -60229702   600742460   -758772819 
-686465634   -565422523   -880774460   -485168746   528560412   400429807   643254696   128754281   -425551159   -131003410   132922248   600726223   306636579   38840316 
-495933656   -176199137   -306173583   -333434169   -713926348   -262918953   -631147073   430548199   -785819777   533105799   724798892   -757732524   -805083602   -664785437 
14
-13951665   109586260   539262125   569525397   -150153267   438309057   161636352   -330579799   543764773   975110445   -874359111   -163202628   299498739   63345423 
-386701968   -607364944   -84181176   -850495156   -789470592   786539263   -651756448   -261227479   -175433123   -766111967   -649067630   785414630   -127211117   362284108 
-484550206   299652509   -544463662   569399920   245580669   -989289473   -949951712   503789312   -892182274   -999870876   -891117614   367700183   -12241243   636981038 
796671980   542131211   725636501   316811265   -916410588   -69206754   811156386   376175535   602409383   721637971   679298186   815444676   -195447858   -354753997 
-509023829   158793615   536404376   -18328567   28371627   204462670   137524788   -322810791   -868028406   -822789775   683390030   -535193959   -150948616   -568605135 
698398031   -273116231   750815998   -738422539   761553517   -68083614   -612772934   481408834   -887150980   -240676985   -444234506   -859454076   -804870590   489299306 
91808817   939200346   36833314   959628399   -239762333   94242941   -426656382   726615812   -741546721   -759628528   -582044825   478677946   688858227   -619339854 
-619339854   688858227   478677946   -582044825   -759628528   -741546721   726615812   -426656382   94242941   -239762333   959628399   36833314   939200346   91808817 
489299306   -804870590   -859454076   -444234506   -240676985   -887150980   481408834   -612772934   -68083614   761553517   -738422539   750815998   -273116231   698398031 
-568605135   -150948616   -535193959   683390030   -822789775   -868028406   -322810791   137524788   204462670   28371627   -18328567   536404376   158793615   -509023829 
-354753997   -195447858   815444676   679298186   721637971   602409383   376175535   811156386   -69206754   -916410588   316811265   725636501   542131211   796671980 
636981038   -12241243   367700183   -891117614   -999870876   -892182274   503789312   -949951712   -989289473   245580669   569399920   -544463662   299652509   -484550206 
362284108   -127211117   785414630   -649067630   -766111967   -175433123   -261227479   -651756448   786539263   -789470592   -850495156   -84181176   -607364944   -386701968 
63345423   299498739   -163202628   -874359111   975110445   543764773   -330579799   161636352   438309057   -150153267   569525397   539262125   109586260   -13951665 
14
753783248   -830162220   -911541770   733359547   -722278603   -240142243   -70333784   -833777808   -29678561   -452959764   -945979194   808505775   550405312   34052497 
-673981125   -250142777   549538112   877321872   -501025692   718161917   -731556369   -658085333   -611868532   -368292959   -946564092   -795651700   134953712   -387162070 
-918054165   -64643856   -333394269   608573404   826455686   86773283   -510262030   -35788057   116713523   -637855933   810180406   -333945918   -752017146   -564244174 
405940985   841652209   -394375633   342618937   -244140311   514710801   -642892030   -774008637   -267717598   76951267   230369742   30124451   -867868887   -957613782 
738954096   -931786903   -727215201   -808011137   426688841   -871807504   -141140424   -793787663   147781175   65023062   653756299   159664713   -731402736   51091798 
-142023963   19397648   700452465   -79960257   911748939   -394247340   -881323227   -569014041   -157053455   749046353   219974548   -258471743   -289458241   884911970 
-562502238   309182750   -999775507   -445078381   465774465   -616683686   -994820439   608396720   670627347   -636806546   -741159888   -340863687   -608885623   -157624908 
-157624908   -608885623   -340863687   -741159888   -636806546   670627347   608396720   -994820439   -616683686   465774465   -445078381   -999775507   309182750   -562502238 
884911970   -289458241   -258471743   219974548   749046353   -157053455   -569014041   -881323227   -394247340   911748939   -79960257   700452465   19397648   -142023963 
51091798   -731402736   159664713   653756299   65023062   147781175   -793787663   -141140424   -871807504   426688841   -808011137   -727215201   -931786903   738954096 
-957613782   -867868887   30124451   230369742   76951267   -267717598   -774008637   -642892030   514710801   -244140311   342618937   -394375633   841652209   405940985 
-564244174   -752017146   -333945918   810180406   -637855933   116713523   -35788057   -510262030   86773283   826455686   608573404   -333394269   -64643856   -918054165 
-387162070   134953712   -795651700   -946564092   -368292959   -611868532   -658085333   -731556369   718161917   -501025692   877321872   549538112   -250142777   -673981125 
34052497   550405312   808505775   -945979194   -452959764   -29678561   -833777808   -70333784   -240142243   -722278603   733359547   -911541770   -830162220   753783248 
-1
