14
-739594239   911343589   453455977   151303136   345820937   -617063550   -390866357   -514316717   102854721   885943093   -935447568   -809256122   -430362127   241266613 
334415955   -799231525   16965536   -446603755   335075088   564609481   534186361   -568928392   -246037737   219612008   -68251501   -258551324   -585453641   -937571792 
-61075177   680857530   599513541   -234102945   -41983631   -460803010   -158395198   295120691   95970360   -534803113   -720409332   380777650   -347323694   337355752 
183908152   813725108   479492239   371767814   -589376833   594446178   -339544256   327157943   559728700   999525791   665281968   -981043227   378265527   -311063332 
-167369130   274981405   -634992488   -394342808   126286196   -800195838   880253517   -170274390   584989537   -533407285   -375711690   -476752577   867456651   416333720 
-531067432   -941808102   129909314   -621195063   920526897   126524191   -26441410   -653331112   56246436   -728388578   742323692   -861333243   -224485301   422482700 
-292867932   804891761   -12637918   477583255   449205077   192148239   973234940   -927320606   656845893   177116529   348589967   -601832560   578220688   -531630143 
-531630143   578220688   -601832560   348589967   177116529   656845893   -927320606   973234940   192148239   449205077   477583255   -12637918   804891761   -292867932 
422482700   -224485301   -861333243   742323692   -728388578   56246436   -653331112   -26441410   126524191   920526897   -621195063   129909314   -941808102   -531067432 
416333720   867456651   -476752577   -375711690   -533407285   584989537   -170274390   880253517   -800195838   126286196   -394342808   -634992488   274981405   -167369130 
-311063332   378265527   -981043227   665281968   999525791   559728700   327157943   -339544256   594446178   -589376833   371767814   479492239   813725108   183908152 
337355752   -347323694   380777650   -720409332   -534803113   95970360   295120691   -158395198   -460803010   -41983631   -234102945   599513541   680857530   -61075177 
-937571792   -585453641   -258551324   -68251501   219612008   -246037737   -568928392   534186361   564609481   335075088   -446603755   16965536   -799231525   334415955 
241266613   -430362127   -809256122   -935447568   885943093   102854721   -514316717   -390866357   -617063550   345820937   151303136   453455977   911343589   -739594239 
14
377372741   -841280101   276125286   466212642   -452183224   607409780   767311454   305659731   -384416296   -959398201   246273185   -902232179   956123101   281739499 
-732207436   133180932   -125203812   633798589   -659395793   -126903231   -501339505   310481184   -907007892   354025363   -303057678   -610705387   -652634972   -648639531 
-280618573   376200715   -841390326   -556761581   -824654780   750372652   -552266843   -786091198   -805752473   -758932971   244666058   -570603948   532670922   -98386460 
721602236   705852767   -494659480   -395329057   -379255837   -322773228   -368100888   -683821719   -630564413   468795715   705147314   -690503723   -323820131   92569714 
-164442019   -983311543   -300480250   75986569   -726835580   -121210162   -992684852   -500372273   -756710733   314458720   -292969943   -281214428   211537310   476353342 
923621255   368492289   450857668   792726389   650075977   641149948   509140916   -810321057   823462165   -538389955   968280782   -479879299   326381864   -354208328 
-965080251   -940017775   -823459377   -890661863   -759419552   -278057978   -7577331   -161849733   971361719   806372925   -729258186   472450080   -869182232   823548792 
823548792   -869182232   472450080   -729258186   806372925   971361719   -161849733   -7577331   -278057978   -759419552   -890661863   -823459377   -940017775   -965080251 
-354208328   326381864   -479879299   968280782   -538389955   823462165   -810321057   509140916   641149948   650075977   792726389   450857668   368492289   923621255 
476353342   211537310   -281214428   -292969943   314458720   -756710733   -500372273   -992684852   -121210162   -726835580   75986569   -300480250   -983311543   -164442019 
92569714   -323820131   -690503723   705147314   468795715   -630564413   -683821719   -368100888   -322773228   -379255837   -395329057   -494659480   705852767   721602236 
-98386460   532670922   -570603948   244666058   -758932971   -805752473   -786091198   -552266843   750372652   -824654780   -556761581   -841390326   376200715   -280618573 
-648639531   -652634972   -610705387   -303057678   354025363   -907007892   310481184   -501339505   -126903231   -659395793   633798589   -125203812   133180932   -732207436 
281739499   956123101   -902232179   246273185   -959398201   -384416296   305659731   767311454   607409780   -452183224   466212642   276125286   -841280101   377372741 
14
-978453139   -668950583   -997291445   916663175   -245340013   597257349   850387664   29317455   770288994   511036351   -585812570   96596450   -606970953   -83538747 
109041622   233566458   386456939   -518540785   -830520519   -15778774   -904005785   -975418462   113487375   -907522001   861819854   -199324705   -878843984   117353715 
-437105945   -630472863   42656775   845380459   306080755   570596797   -351771123   642430488   -525878092   -303188249   771423826   -752325581   -359818961   -577594509 
-690889130   -437618614   91867187   479592847   875989286   482895519   347497372   -110482286   -561749445   100765901   -327658798   -532566211   266430218   892764677 
-480833905   55995981   888281265   -196491725   -371965876   -46344166   -60428458   -170096743   -614963021   -366875074   -17264929   -314919011   -286136476   57148777 
596813742   636480881   -791435009   -581669191   606354390   970632769   887406723   -883286471   73378121   559916284   70590679   646023900   840992767   939210822 
667007935   813607468   -936821353   -603769076   -212232408   366270895   -811797022   403820289   169104095   -510547258   350733607   -132963753   -66087766   378482371 
378482371   -66087766   -132963753   350733607   -510547258   169104095   403820289   -811797022   366270895   -212232408   -603769076   -936821353   813607468   667007935 
939210822   840992767   646023900   70590679   559916284   73378121   -883286471   887406723   970632769   606354390   -581669191   -791435009   636480881   596813742 
57148777   -286136476   -314919011   -17264929   -366875074   -614963021   -170096743   -60428458   -46344166   -371965876   -196491725   888281265   55995981   -480833905 
892764677   266430218   -532566211   -327658798   100765901   -561749445   -110482286   347497372   482895519   875989286   479592847   91867187   -437618614   -690889130 
-577594509   -359818961   -752325581   771423826   -303188249   -525878092   642430488   -351771123   570596797   306080755   845380459   42656775   -630472863   -437105945 
117353715   -878843984   -199324705   861819854   -907522001   113487375   -975418462   -904005785   -15778774   -830520519   -518540785   386456939   233566458   109041622 
-83538747   -606970953   96596450   -585812570   511036351   770288994   29317455   850387664   597257349   -245340013   916663175   -997291445   -668950583   -978453139 
14
812650036   -745607876   -627691349   267665394   268834093   51313119   -881056622   480216907   -873877092   -844392942   -49133193   -760910858   -462152823   267530178 
653497430   -195978248   551012711   602121639   -113512358   -607915453   106050302   570244251   464993457   133705858   157339510   517240931   530408716   822585107 
-631374066   -965574155   -156314987   -556546437   542713003   873749846   -984096235   -480901809   -602226649   -496496413   897445259   829101841   -317073567   -291199419 
211315660   -177755636   420607641   -512892434   -263745953   -889796565   651442215   -780646509   -660537207   736691730   -127727845   867985479   714521409   886225795 
992345492   -161642491   -613384162   457586395   -101701079   -611400474   -24439507   -877071404   -339766750   -491008856   265110335   -47189155   59315915   -169773389 
719273216   250131548   -942198291   -491496984   -978664890   -96335344   417867133   345087643   -117982172   -560441634   -3673227   714874526   495261449   459635975 
-904257923   -676338706   -496934508   274785040   -509576780   56726590   -977018016   -430013175   -980772634   57562243   -46419447   -222076763   377121062   -147605731 
-147605731   377121062   -222076763   -46419447   57562243   -980772634   -430013175   -977018016   56726590   -509576780   274785040   -496934508   -676338706   -904257923 
459635975   495261449   714874526   -3673227   -560441634   -117982172   345087643   417867133   -96335344   -978664890   -491496984   -942198291   250131548   719273216 
-169773389   59315915   -47189155   265110335   -491008856   -339766750   -877071404   -24439507   -611400474   -101701079   457586395   -613384162   -161642491   992345492 
886225795   714521409   867985479   -127727845   736691730   -660537207   -780646509   651442215   -889796565   -263745953   -512892434   420607641   -177755636   211315660 
-291199419   -317073567   829101841   897445259   -496496413   -602226649   -480901809   -984096235   873749846   542713003   -556546437   -156314987   -965574155   -631374066 
822585107   530408716   517240931   157339510   133705858   464993457   570244251   106050302   -607915453   -113512358   602121639   551012711   -195978248   653497430 
267530178   -462152823   -760910858   -49133193   -844392942   -873877092   480216907   -881056622   51313119   268834093   267665394   -627691349   -745607876   812650036 
14
-441187690   999345513   -480514439   498865002   -824395469   -723536683   -414758037   -849040277   905573401   -424880304   -63799976   143459441   -814272124   312319842 
59084875   -652092032   -89419891   614341320   -414463556   489832228   -32608825   710625859   394638159   -634626439   -425646296   496829929   950526581   876715996 
888662544   -660722520   928242428   -620906978   -23445135   -867962237   -701750058   -595832024   -760573348   853706951   -658149763   259994763   -763281183   923669429 
-546796725   -997721411   -74143047   49432039   862079089   102350565   444840364   -965125983   714822405   -530689665   528139419   -990064394   -61539766   941551132 
-62898207   -170678184   -161691383   -849437748   47478814   436362976   618222661   72380511   -482053844   -965531044   -19802716   952339961   351986576   609347335 
262250529   275225288   -348008739   343350919   125080218   523156599   -169727051   951775285   828258564   836049116   -202227746   -570854821   566958408   -972505785 
-750939997   173376387   768155484   -334079705   -647699606   -905613859   91855004   639996922   -962383912   826348008   -685045942   721589065   413050227   -159049401 
-159049401   413050227   721589065   -685045942   826348008   -962383912   639996922   91855004   -905613859   -647699606   -334079705   768155484   173376387   -750939997 
-972505785   566958408   -570854821   -202227746   836049116   828258564   951775285   -169727051   523156599   125080218   343350919   -348008739   275225288   262250529 
609347335   351986576   952339961   -19802716   -965531044   -482053844   72380511   618222661   436362976   47478814   -849437748   -161691383   -170678184   -62898207 
941551132   -61539766   -990064394   528139419   -530689665   714822405   -965125983   444840364   102350565   862079089   49432039   -74143047   -997721411   -546796725 
923669429   -763281183   259994763   -658149763   853706951   -760573348   -595832024   -701750058   -867962237   -23445135   -620906978   928242428   -660722520   888662544 
876715996   950526581   496829929   -425646296   -634626439   394638159   710625859   -32608825   489832228   -414463556   614341320   -89419891   -652092032   59084875 
312319842   -814272124   143459441   -63799976   -424880304   905573401   -849040277   -414758037   -723536683   -824395469   498865002   -480514439   999345513   -441187690 
15
351077501   40458722   503562016   -642611454   -426486237   359074969   -398099989   703219487   399399647   414528898   860086771   194346394   975517241   104745084   -848417987 
810474199   -692594215   -851890459   951684169   141544123   -119338106   -851471619   229729842   -998393434   -859109217   -100041943   -259069774   -369001832   -248775882   -247311892 
-308170738   291776761   -712297939   -29879160   -478834105   792099369   234489896   719412582   -692481383   -998227446   855901733   489528427   -373284100   -406446045   366256516 
382666059   992109839   642703581   -904516433   -660004448   -711859417   -752950526   -521235463   857523401   428926636   894089671   -147138840   -798134637   -249437879   539764788 
-945127503   662728813   878841421   -815529259   763312054   -264774535   885656619   -223189353   -335899039   164930074   530290339   987685934   -73562763   -781136561   -211591437 
115221422   -544947834   363506072   512489970   6871977   610224698   384052643   -207645808   732746718   -676311912   -95006154   252862569   -979772049   368301778   470305737 
811103412   30591405   -647366365   -421732544   822907196   -739164079   381465953   -792737203   906212094   -408966130   429297139   -138494989   891726798   897247203   -561039517 
663539516   -882526732   -241266525   -479872341   -626358384   824994021   -493053440   770738571   -493053440   824994021   -626358384   -479872341   -241266525   -882526732   663539516 
-561039517   897247203   891726798   -138494989   429297139   -408966130   906212094   -792737203   381465953   -739164079   822907196   -421732544   -647366365   30591405   811103412 
470305737   368301778   -979772049   252862569   -95006154   -676311912   732746718   -207645808   384052643   610224698   6871977   512489970   363506072   -544947834   115221422 
-211591437   -781136561   -73562763   987685934   530290339   164930074   -335899039   -223189353   885656619   -264774535   763312054   -815529259   878841421   662728813   -945127503 
539764788   -249437879   -798134637   -147138840   894089671   428926636   857523401   -521235463   -752950526   -711859417   -660004448   -904516433   642703581   992109839   382666059 
366256516   -406446045   -373284100   489528427   855901733   -998227446   -692481383   719412582   234489896   792099369   -478834105   -29879160   -712297939   291776761   -308170738 
-247311892   -248775882   -369001832   -259069774   -100041943   -859109217   -998393434   229729842   -851471619   -119338106   141544123   951684169   -851890459   -692594215   810474199 
-848417987   104745084   975517241   194346394   860086771   414528898   399399647   703219487   -398099989   359074969   -426486237   -642611454   503562016   40458722   351077501 
15
-687244372   12526387   -652538354   843183338   990101697   432188291   -168843983   -343628702   968173333   95903172   -913927621   312401516   -265720350   -887270885   231367154 
-911883695   751261209   644756862   175128849   629675598   -747405028   266670600   440419169   703537274   221279186   -945934019   904778087   91713970   815792271   -809433756 
886892577   879050393   -289379665   935994766   548568238   933625561   879054219   245176504   475395395   644936197   772208066   949858832   -877910262   -176084903   304985738 
-689151975   -897694504   464163461   -339517422   -704663261   -964981395   208806794   -194547957   463311332   -973990033   653218394   -504216496   -30135996   -844649100   265898433 
566768690   -632154295   521087821   -175614228   74373988   827737295   193473862   -985652050   187246817   -429902572   411994747   -363180664   -767982778   186181383   595390850 
-771733408   -481119769   434986604   15467687   -520688608   456542396   -666372132   58600680   -630057440   -129627406   708789524   -764599697   -286182351   -715885697   793991191 
249186832   -253307635   -153734130   -311990963   754241542   257457852   -294299304   244891881   -270553916   893173398   180334175   -112447678   454100441   -434255409   -4665776 
-405502624   -583286012   974619586   -436877   -486756930   -247101178   -1569055   274738132   -1569055   -247101178   -486756930   -436877   974619586   -583286012   -405502624 
-4665776   -434255409   454100441   -112447678   180334175   893173398   -270553916   244891881   -294299304   257457852   754241542   -311990963   -153734130   -253307635   249186832 
793991191   -715885697   -286182351   -764599697   708789524   -129627406   -630057440   58600680   -666372132   456542396   -520688608   15467687   434986604   -481119769   -771733408 
595390850   186181383   -767982778   -363180664   411994747   -429902572   187246817   -985652050   193473862   827737295   74373988   -175614228   521087821   -632154295   566768690 
265898433   -844649100   -30135996   -504216496   653218394   -973990033   463311332   -194547957   208806794   -964981395   -704663261   -339517422   464163461   -897694504   -689151975 
304985738   -176084903   -877910262   949858832   772208066   644936197   475395395   245176504   879054219   933625561   548568238   935994766   -289379665   879050393   886892577 
-809433756   815792271   91713970   904778087   -945934019   221279186   703537274   440419169   266670600   -747405028   629675598   175128849   644756862   751261209   -911883695 
231367154   -887270885   -265720350   312401516   -913927621   95903172   968173333   -343628702   -168843983   432188291   990101697   843183338   -652538354   12526387   -687244372 
15
-238892392   903871178   892391702   624862604   662441117   864860856   -857443900   953807011   -287479498   -909157761   260174244   -175503446   667774171   85675900   -237246209 
-497644566   745996145   494386990   -879548931   79122646   -437118689   -294198974   -753896206   985775727   246534002   -549934730   957498133   -565711348   -533795906   65987622 
538802062   242576900   821372907   -457173619   -313789500   -205281585   -651801722   -366340009   851359617   -170493660   188849344   305123483   278747336   235130703   -138040201 
-547248249   606130221   133949099   893310610   291728596   522582756   -682039703   156455233   -505386726   121178552   629947740   -822405002   542205786   -314744826   515371 
-18410857   -717174435   -539301461   72392892   819437018   -416461594   -113317504   -817561925   215599304   752968655   587254354   -607004269   438559589   874455552   -753413160 
689828520   656645439   -963496250   -852971363   761915758   -674485095   614166734   271126227   -788235845   -266162963   -315295776   -522821017   -214366715   -933206300   -842998964 
202992299   264726318   485997469   -266817121   87583301   -472640660   62182253   -669866287   -851850172   828777163   -333484901   -168639967   -767218850   310126014   939005893 
240259371   -704061038   -727372659   806558782   818682339   157115314   286080730   976926173   286080730   157115314   818682339   806558782   -727372659   -704061038   240259371 
939005893   310126014   -767218850   -168639967   -333484901   828777163   -851850172   -669866287   62182253   -472640660   87583301   -266817121   485997469   264726318   202992299 
-842998964   -933206300   -214366715   -522821017   -315295776   -266162963   -788235845   271126227   614166734   -674485095   761915758   -852971363   -963496250   656645439   689828520 
-753413160   874455552   438559589   -607004269   587254354   752968655   215599304   -817561925   -113317504   -416461594   819437018   72392892   -539301461   -717174435   -18410857 
515371   -314744826   542205786   -822405002   629947740   121178552   -505386726   156455233   -682039703   522582756   291728596   893310610   133949099   606130221   -547248249 
-138040201   235130703   278747336   305123483   188849344   -170493660   851359617   -366340009   -651801722   -205281585   -313789500   -457173619   821372907   242576900   538802062 
65987622   -533795906   -565711348   957498133   -549934730   246534002   985775727   -753896206   -294198974   -437118689   79122646   -879548931   494386990   745996145   -497644566 
-237246209   85675900   667774171   -175503446   260174244   -909157761   -287479498   953807011   -857443900   864860856   662441117   624862604   892391702   903871178   -238892392 
15
-74622273   301505580   -879542691   259343800   -601995834   898327948   519324975   364019441   284799719   -849871919   432604898   -845461068   937791531   598520596   -680354753 
814534637   -386923717   -156285941   577924477   50018427   -262424408   -928514630   -460881179   -228651280   735697094   -281970732   347651398   563996987   859681113   -730912672 
105505960   235286973   -439985210   36235603   -284645101   702083258   -937582782   606154627   810954917   870547558   -67099300   -567473816   -119436634   -391560509   306783121 
572519438   -77018447   -813004405   162277789   -588356269   -848062263   -585343762   389939798   394101435   -694051417   292305052   -467414981   299270667   -998452481   -486990047 
171425603   -352167412   759503813   139917405   150272576   783947677   696973305   -655376415   -834553046   -129146930   954145225   -111301538   -538343996   -46251994   -10085900 
-638901352   210855612   -163479061   660479115   -967420047   -985480061   -831428895   492181996   -841783632   886093148   -141858692   345237160   -637385723   20300489   -875931486 
-214786474   114119781   717415072   -874853078   762879396   902050815   481254187   -681273408   -240553612   -430481356   -522138157   -359077634   -73956695   -904408880   -338726034 
-599968362   897956430   534712330   -749674378   230253884   -472367669   -734547867   116731876   -734547867   -472367669   230253884   -749674378   534712330   897956430   -599968362 
-338726034   -904408880   -73956695   -359077634   -522138157   -430481356   -240553612   -681273408   481254187   902050815   762879396   -874853078   717415072   114119781   -214786474 
-875931486   20300489   -637385723   345237160   -141858692   886093148   -841783632   492181996   -831428895   -985480061   -967420047   660479115   -163479061   210855612   -638901352 
-10085900   -46251994   -538343996   -111301538   954145225   -129146930   -834553046   -655376415   696973305   783947677   150272576   139917405   759503813   -352167412   171425603 
-486990047   -998452481   299270667   -467414981   292305052   -694051417   394101435   389939798   -585343762   -848062263   -588356269   162277789   -813004405   -77018447   572519438 
306783121   -391560509   -119436634   -567473816   -67099300   870547558   810954917   606154627   -937582782   702083258   -284645101   36235603   -439985210   235286973   105505960 
-730912672   859681113   563996987   347651398   -281970732   735697094   -228651280   -460881179   -928514630   -262424408   50018427   577924477   -156285941   -386923717   814534637 
-680354753   598520596   937791531   -845461068   432604898   -849871919   284799719   364019441   519324975   898327948   -601995834   259343800   -879542691   301505580   -74622273 
15
-307140440   -161353868   186231577   609133247   41001757   525625628   437082575   470854050   -939253283   -800973962   272898010   -481618766   718881711   976011992   92231172 
873471193   -103086433   -712321048   787177158   373319185   453171979   466392331   281131165   787241103   774250210   -387416856   -378109045   429007100   744330125   -67054023 
647723024   -449533329   -753200589   -387565098   295464005   191689406   31625843   516354774   32091452   -915658982   -882973602   554044908   816647560   -526829312   461121810 
530252446   -832643505   27785668   -281201979   300552168   887351298   822040658   -239977714   -44971444   -606177844   348825883   -973133499   -597352218   140846831   -824703867 
-350496834   534840740   974482086   616075491   -406811284   -40628170   -846158932   -72625218   -604874346   -841622362   109909656   495608309   -395616385   -536840380   74690798 
-831215861   924691799   -557476934   57032007   -92685010   575795912   -739333737   580631989   68699231   222722622   825960349   783038325   -388454100   755798001   -309440578 
-835342643   484668825   -622734380   74707189   80339085   814794560   -216677147   475609052   -370156871   544444240   833060214   969783667   568546633   -40388819   733687241 
824641805   155230802   -226128148   604213187   864938109   -511557350   213318419   777420198   213318419   -511557350   864938109   604213187   -226128148   155230802   824641805 
733687241   -40388819   568546633   969783667   833060214   544444240   -370156871   475609052   -216677147   814794560   80339085   74707189   -622734380   484668825   -835342643 
-309440578   755798001   -388454100   783038325   825960349   222722622   68699231   580631989   -739333737   575795912   -92685010   57032007   -557476934   924691799   -831215861 
74690798   -536840380   -395616385   495608309   109909656   -841622362   -604874346   -72625218   -846158932   -40628170   -406811284   616075491   974482086   534840740   -350496834 
-824703867   140846831   -597352218   -973133499   348825883   -606177844   -44971444   -239977714   822040658   887351298   300552168   -281201979   27785668   -832643505   530252446 
461121810   -526829312   816647560   554044908   -882973602   -915658982   32091452   516354774   31625843   191689406   295464005   -387565098   -753200589   -449533329   647723024 
-67054023   744330125   429007100   -378109045   -387416856   774250210   787241103   281131165   466392331   453171979   373319185   787177158   -712321048   -103086433   873471193 
92231172   976011992   718881711   -481618766   272898010   -800973962   -939253283   470854050   437082575   525625628   41001757   609133247   186231577   -161353868   -307140440 
-1
