15
-972685315   -580307686   -39073563   956552430   341897168   -71925934   -239291007   -894825071   -314167833   -64752300   -98225441   757789012   -756320694   -80586169   -917749103 
33712268   -740328488   -725191923   -5737134   172653222   867810421   628695225   724637565   316406354   221758042   -909223586   218642538   647231312   952207505   432349634 
-361480648   121827566   -568452509   -246627405   849318930   -683775700   880323219   187795637   -641846625   693629792   410768415   417194522   -294931843   -527844979   681577229 
153314738   682555831   966821982   793713814   -939442829   -27700867   745225019   -170185445   -835431936   -987171898   656434145   -559576586   497811794   57410704   -676065877 
-56335229   -903863708   -337015438   -52498433   -785306698   -502228888   -155323135   91405544   -308064344   -668404004   818741335   -70232534   582252601   125374260   446703205 
962016670   -927065447   -828012222   634315779   437371516   976884630   735417769   -48404225   479985313   101114955   62052180   -649980730   -369477078   348911405   722489995 
-498659881   -747108216   349874115   -747442393   343043027   -129608715   731369087   138920756   617169994   273946470   -65799472   -754295285   968032599   -162532777   -533724579 
497274358   -670446800   -424904802   423219032   334543230   -306376007   824696557   342558974   824696557   -306376007   334543230   423219032   -424904802   -670446800   497274358 
-533724579   -162532777   968032599   -754295285   -65799472   273946470   617169994   138920756   731369087   -129608715   343043027   -747442393   349874115   -747108216   -498659881 
722489995   348911405   -369477078   -649980730   62052180   101114955   479985313   -48404225   735417769   976884630   437371516   634315779   -828012222   -927065447   962016670 
446703205   125374260   582252601   -70232534   818741335   -668404004   -308064344   91405544   -155323135   -502228888   -785306698   -52498433   -337015438   -903863708   -56335229 
-676065877   57410704   497811794   -559576586   656434145   -987171898   -835431936   -170185445   745225019   -27700867   -939442829   793713814   966821982   682555831   153314738 
681577229   -527844979   -294931843   417194522   410768415   693629792   -641846625   187795637   880323219   -683775700   849318930   -246627405   -568452509   121827566   -361480648 
432349634   952207505   647231312   218642538   -909223586   221758042   316406354   724637565   628695225   867810421   172653222   -5737134   -725191923   -740328488   33712268 
-917749103   -80586169   -756320694   757789012   -98225441   -64752300   -314167833   -894825071   -239291007   -71925934   341897168   956552430   -39073563   -580307686   -972685315 
15
653929903   789404116   789609614   -384181189   513789627   -840089062   479179152   380479735   -737073241   -439226071   -253123884   -243084606   497629166   -915463915   88755015 
-889747794   -388994802   -989504266   -581669487   -765655941   251556988   343571439   -203159257   641863513   -995984092   689044660   379102332   150936221   267243658   661645095 
327290725   876139369   996092845   -368068798   -738680208   -972738594   -499047319   649705165   92011757   -1964334   292953772   -628611687   892635603   -789370233   125913010 
-732718630   -167228698   626104859   -605609039   -70837950   649698193   -75526743   -326278640   208042772   -491776940   -152805474   -444968707   -198485294   633711821   204163559 
-328801797   -949381183   381871588   901765516   689454955   -709536266   -530802128   -240258269   -171035544   -14433905   619985294   103196726   -625785689   648188492   846501262 
720049495   -458459921   487453273   519911882   74489191   397829909   -635318434   138816373   -400641493   477653246   869869889   797340761   -423879231   603539899   -842161325 
865599537   -703189698   -919990163   286005949   824065777   -334502569   -485840486   207591179   -933431864   -875789835   -265088920   -750781141   820931680   973165316   168510960 
-387435286   858006550   -565371811   -47595516   -499762632   -417657596   746246217   464400793   746246217   -417657596   -499762632   -47595516   -565371811   858006550   -387435286 
168510960   973165316   820931680   -750781141   -265088920   -875789835   -933431864   207591179   -485840486   -334502569   824065777   286005949   -919990163   -703189698   865599537 
-842161325   603539899   -423879231   797340761   869869889   477653246   -400641493   138816373   -635318434   397829909   74489191   519911882   487453273   -458459921   720049495 
846501262   648188492   -625785689   103196726   619985294   -14433905   -171035544   -240258269   -530802128   -709536266   689454955   901765516   381871588   -949381183   -328801797 
204163559   633711821   -198485294   -444968707   -152805474   -491776940   208042772   -326278640   -75526743   649698193   -70837950   -605609039   626104859   -167228698   -732718630 
125913010   -789370233   892635603   -628611687   292953772   -1964334   92011757   649705165   -499047319   -972738594   -738680208   -368068798   996092845   876139369   327290725 
661645095   267243658   150936221   379102332   689044660   -995984092   641863513   -203159257   343571439   251556988   -765655941   -581669487   -989504266   -388994802   -889747794 
88755015   -915463915   497629166   -243084606   -253123884   -439226071   -737073241   380479735   479179152   -840089062   513789627   -384181189   789609614   789404116   653929903 
15
26436185   -752317887   -173054544   147341895   453752110   469827223   -977805810   27020715   -458635396   -514356532   517361077   395786336   -7642036   -253983898   939828358 
868007125   -134378155   -395055652   -41688521   192030991   -174120834   339983096   -301931238   -874623686   -386709408   801688709   943219327   -379117003   972091233   32284812 
475756730   706214002   -994711929   -929824709   -952370318   -491214334   -685179208   -855776649   214741740   -739413854   -595072434   762496125   -752413051   867303228   428426554 
-193046949   185117587   565424940   594156304   -39198923   911925617   -102785028   -597465752   961634536   85830384   271306000   -289950212   -476696660   482180557   -753444598 
699495117   -510498354   -649301170   524863037   161859309   -353699050   952215244   947507962   -748725243   728219079   789761508   -536603283   405481221   641833493   560975470 
-688250694   -663124194   -961330460   19005271   -905236930   -756330590   541312932   -271959702   -918685346   77899514   -781111175   -410754214   845250373   -614450042   -950161933 
322765753   -766623701   380990995   956763055   971398394   550746385   -645544731   -128308052   -269938989   -332579568   460554485   924751138   744897021   371622125   -850936100 
-727165346   -136651937   839563590   24140940   899395602   953746370   65932957   730324838   65932957   953746370   899395602   24140940   839563590   -136651937   -727165346 
-850936100   371622125   744897021   924751138   460554485   -332579568   -269938989   -128308052   -645544731   550746385   971398394   956763055   380990995   -766623701   322765753 
-950161933   -614450042   845250373   -410754214   -781111175   77899514   -918685346   -271959702   541312932   -756330590   -905236930   19005271   -961330460   -663124194   -688250694 
560975470   641833493   405481221   -536603283   789761508   728219079   -748725243   947507962   952215244   -353699050   161859309   524863037   -649301170   -510498354   699495117 
-753444598   482180557   -476696660   -289950212   271306000   85830384   961634536   -597465752   -102785028   911925617   -39198923   594156304   565424940   185117587   -193046949 
428426554   867303228   -752413051   762496125   -595072434   -739413854   214741740   -855776649   -685179208   -491214334   -952370318   -929824709   -994711929   706214002   475756730 
32284812   972091233   -379117003   943219327   801688709   -386709408   -874623686   -301931238   339983096   -174120834   192030991   -41688521   -395055652   -134378155   868007125 
939828358   -253983898   -7642036   395786336   517361077   -514356532   -458635396   27020715   -977805810   469827223   453752110   147341895   -173054544   -752317887   26436185 
15
219021292   706246733   8175050   -774118694   -701189855   356593135   -426861467   51496249   34154102   855355299   -864746383   -53203786   -505077561   970774511   503543576 
524051273   -310797765   -705688660   790409436   280965543   -236939501   810720232   405370059   -68417234   -512410681   -503756504   41778291   -339148066   917928618   -515212979 
433317802   307294599   624932043   34258849   910400812   641517146   -592845305   -976083646   -535332272   164516843   -953724098   -226113210   515477396   -690914281   714328868 
-998494817   536403197   278150913   342252873   632775273   573896961   -375064413   -553916831   922042657   -358806696   519927957   -632207068   220606995   -48795874   -655065891 
-886941504   951967385   563083231   387201251   -293533523   -438963646   455299936   -859906062   843795036   -469606419   958636288   -796844273   727797306   32843284   951557922 
-188409063   -850558866   959960121   473727764   729889694   885784470   183349526   681694379   -21895341   879419998   974142761   690076496   -133548455   -95630891   723940400 
-716631341   -802953640   569665627   -130961110   -147596574   -954405723   -233758336   573826113   -668339071   885382872   844000646   179954047   541259993   36816469   505237332 
-348790138   140609885   46345502   -217821965   438431358   -566879609   256447417   860216071   256447417   -566879609   438431358   -217821965   46345502   140609885   -348790138 
505237332   36816469   541259993   179954047   844000646   885382872   -668339071   573826113   -233758336   -954405723   -147596574   -130961110   569665627   -802953640   -716631341 
723940400   -95630891   -133548455   690076496   974142761   879419998   -21895341   681694379   183349526   885784470   729889694   473727764   959960121   -850558866   -188409063 
951557922   32843284   727797306   -796844273   958636288   -469606419   843795036   -859906062   455299936   -438963646   -293533523   387201251   563083231   951967385   -886941504 
-655065891   -48795874   220606995   -632207068   519927957   -358806696   922042657   -553916831   -375064413   573896961   632775273   342252873   278150913   536403197   -998494817 
714328868   -690914281   515477396   -226113210   -953724098   164516843   -535332272   -976083646   -592845305   641517146   910400812   34258849   624932043   307294599   433317802 
-515212979   917928618   -339148066   41778291   -503756504   -512410681   -68417234   405370059   810720232   -236939501   280965543   790409436   -705688660   -310797765   524051273 
503543576   970774511   -505077561   -53203786   -864746383   855355299   34154102   51496249   -426861467   356593135   -701189855   -774118694   8175050   706246733   219021292 
15
-8891759   152423741   476969072   -945450288   190646663   629100166   -730084234   -127465450   217238430   -694205904   721675526   845166316   49019752   -120378874   704676631 
201255548   -853020077   632288593   460845895   568194155   -106991408   -237960695   -232688649   134876143   -354114663   -960308936   -41507277   -684579055   -497853774   671374297 
-312259222   823075061   273664166   508691253   348396846   183333381   742624107   105124603   -669396047   -589214185   718152640   -753138637   580650835   993881945   542048948 
-430529893   354759284   -972901856   47415181   -811141876   176310856   -53909592   -151121879   -566625546   894958399   300116954   921527606   348180488   -770001556   536949316 
-112460085   -630331221   311054610   391071253   -918394647   -95584853   626463916   78387889   -967677285   301274499   357181654   814713364   -943355986   -63951234   -569893126 
-667725778   309750127   -810762291   -211660330   933693481   -148675164   -573328402   403989904   -841949457   -170684040   -830658912   221829865   -343199104   728484755   658201416 
-766787185   -263374899   -140468246   561930145   683945310   -196048508   772485580   -916506216   516491658   338181885   -370223033   -345175353   -302681531   894997234   -658029775 
323592351   133709671   323897980   -79409737   -798254132   -785632389   748541738   -280541270   748541738   -785632389   -798254132   -79409737   323897980   133709671   323592351 
-658029775   894997234   -302681531   -345175353   -370223033   338181885   516491658   -916506216   772485580   -196048508   683945310   561930145   -140468246   -263374899   -766787185 
658201416   728484755   -343199104   221829865   -830658912   -170684040   -841949457   403989904   -573328402   -148675164   933693481   -211660330   -810762291   309750127   -667725778 
-569893126   -63951234   -943355986   814713364   357181654   301274499   -967677285   78387889   626463916   -95584853   -918394647   391071253   311054610   -630331221   -112460085 
536949316   -770001556   348180488   921527606   300116954   894958399   -566625546   -151121879   -53909592   176310856   -811141876   47415181   -972901856   354759284   -430529893 
542048948   993881945   580650835   -753138637   718152640   -589214185   -669396047   105124603   742624107   183333381   348396846   508691253   273664166   823075061   -312259222 
671374297   -497853774   -684579055   -41507277   -960308936   -354114663   134876143   -232688649   -237960695   -106991408   568194155   460845895   632288593   -853020077   201255548 
704676631   -120378874   49019752   845166316   721675526   -694205904   217238430   -127465450   -730084234   629100166   190646663   -945450288   476969072   152423741   -8891759 
15
-204725979   997743907   -418692169   55807483   139320650   -813157150   14155395   641850449   -137049045   -34013567   419556590   -460863355   94097638   -11194669   931950186 
-899655237   -197097073   22810085   -781436540   -388779064   -803253892   -398721987   -660544204   -790028153   -238786435   151829287   -581826808   956067158   904909781   758080549 
-222869739   279018068   -68887873   -122580034   -612504116   517868786   -358089778   802392064   -775259664   299979748   181803588   648180894   40982730   -898930731   -390046640 
-801876534   496401807   -840824457   737365588   -792768266   -366564385   -596069584   602174703   991406972   -414139953   -122711295   -664769600   -999321082   836882250   -244745770 
-534592054   41481690   674227238   -631522620   717619550   65063470   586204707   883517838   500228100   -798696484   -76503567   -476420343   -468320731   942378868   2144814 
-700631285   -758533603   -885608799   -653459564   -795565945   754525363   20889033   -160939152   617840049   -761954336   -900781671   -2226597   863819988   462377721   964955340 
-536294833   38979789   -925562078   -322485758   943695028   955416013   -71040719   220684851   799326797   -886716664   523755671   477713474   -101593933   -710992173   -206273365 
-650431602   91566784   11508511   -200286305   -304978416   -44944934   713103603   150638056   713103603   -44944934   -304978416   -200286305   11508511   91566784   -650431602 
-206273365   -710992173   -101593933   477713474   523755671   -886716664   799326797   220684851   -71040719   955416013   943695028   -322485758   -925562078   38979789   -536294833 
964955340   462377721   863819988   -2226597   -900781671   -761954336   617840049   -160939152   20889033   754525363   -795565945   -653459564   -885608799   -758533603   -700631285 
2144814   942378868   -468320731   -476420343   -76503567   -798696484   500228100   883517838   586204707   65063470   717619550   -631522620   674227238   41481690   -534592054 
-244745770   836882250   -999321082   -664769600   -122711295   -414139953   991406972   602174703   -596069584   -366564385   -792768266   737365588   -840824457   496401807   -801876534 
-390046640   -898930731   40982730   648180894   181803588   299979748   -775259664   802392064   -358089778   517868786   -612504116   -122580034   -68887873   279018068   -222869739 
758080549   904909781   956067158   -581826808   151829287   -238786435   -790028153   -660544204   -398721987   -803253892   -388779064   -781436540   22810085   -197097073   -899655237 
931950186   -11194669   94097638   -460863355   419556590   -34013567   -137049045   641850449   14155395   -813157150   139320650   55807483   -418692169   997743907   -204725979 
15
314885968   -292819427   719133445   -872954297   522135191   -420373593   850315186   -364643118   -537059205   -502758296   -755020822   -512540172   229511728   456365777   -59742994 
-852541442   682078476   -581502993   -568233352   969958403   397651829   -439752376   833176638   297828111   313442488   832880139   856935868   335174076   -969014799   -490996581 
925141347   895047639   -127915233   384949244   627783967   -436798643   274718996   852217772   -235278053   -74260019   -487220807   210195014   -28997038   -158244553   -990636322 
-873882094   958774383   -68810359   -117047640   974173643   -526833271   -884801040   -144227280   713579296   -332301739   393653112   -235848378   169996499   51469745   -10674783 
-123144901   -97381961   430227543   -219127083   398649431   -668534626   716774584   718806755   313687678   -924503071   -45079050   -434466089   -150717997   -286932831   -278473973 
-568885813   868375009   563498536   -287104180   186294716   381217519   -524120876   811236768   -449527   -683056439   -398202524   493761473   -270936818   235939332   448101362 
-201038183   -138576941   129876754   -219778211   -852304688   475913528   -703330460   907279929   -638091358   -147779204   -143995179   814305923   -96549614   3568862   -923860527 
-28218022   -936402162   -987294350   -496090911   257272468   992826824   -151375474   -417130225   -151375474   992826824   257272468   -496090911   -987294350   -936402162   -28218022 
-923860527   3568862   -96549614   814305923   -143995179   -147779204   -638091358   907279929   -703330460   475913528   -852304688   -219778211   129876754   -138576941   -201038183 
448101362   235939332   -270936818   493761473   -398202524   -683056439   -449527   811236768   -524120876   381217519   186294716   -287104180   563498536   868375009   -568885813 
-278473973   -286932831   -150717997   -434466089   -45079050   -924503071   313687678   718806755   716774584   -668534626   398649431   -219127083   430227543   -97381961   -123144901 
-10674783   51469745   169996499   -235848378   393653112   -332301739   713579296   -144227280   -884801040   -526833271   974173643   -117047640   -68810359   958774383   -873882094 
-990636322   -158244553   -28997038   210195014   -487220807   -74260019   -235278053   852217772   274718996   -436798643   627783967   384949244   -127915233   895047639   925141347 
-490996581   -969014799   335174076   856935868   832880139   313442488   297828111   833176638   -439752376   397651829   969958403   -568233352   -581502993   682078476   -852541442 
-59742994   456365777   229511728   -512540172   -755020822   -502758296   -537059205   -364643118   850315186   -420373593   522135191   -872954297   719133445   -292819427   314885968 
15
-803191797   746063466   -642936339   632694017   42391502   949887702   -898164567   322169695   781020057   348720424   338808168   130795170   96911897   -974092046   -824617326 
891454741   620391511   -816767053   -634488466   981470687   -124002118   -645245705   224080961   416705909   309282445   673821308   65871634   427194749   -897275946   317686072 
-608391211   955266307   776602947   -87187357   -331892982   -358369795   -562162392   836949243   -599888200   532348000   408039810   449171221   -910412159   815662879   -424769381 
439076293   -364356507   -232144140   -905036072   462667506   -41146968   219681635   -843728757   -509206184   -148482281   -231928648   -729116441   471715573   -360459962   -107204610 
-22094512   -797765019   602422833   -944875288   -724456017   417472092   -156059468   -279389961   -126111259   831284842   896591434   -991389017   -172456646   73553226   970453731 
-566495368   -167061255   -721269594   -454165379   -418987099   764803637   -747880094   969614240   -394462798   943840383   -70499561   237940810   851125081   -978471904   -753794798 
896297363   -264563633   897930065   909797434   -4525497   -152726545   -26969929   629667641   598772823   -856194154   -467548389   -586647342   -892473062   -927236341   -882406007 
396354287   319328063   376414704   -268739524   67736272   460709960   -743845052   -814459709   -743845052   460709960   67736272   -268739524   376414704   319328063   396354287 
-882406007   -927236341   -892473062   -586647342   -467548389   -856194154   598772823   629667641   -26969929   -152726545   -4525497   909797434   897930065   -264563633   896297363 
-753794798   -978471904   851125081   237940810   -70499561   943840383   -394462798   969614240   -747880094   764803637   -418987099   -454165379   -721269594   -167061255   -566495368 
970453731   73553226   -172456646   -991389017   896591434   831284842   -126111259   -279389961   -156059468   417472092   -724456017   -944875288   602422833   -797765019   -22094512 
-107204610   -360459962   471715573   -729116441   -231928648   -148482281   -509206184   -843728757   219681635   -41146968   462667506   -905036072   -232144140   -364356507   439076293 
-424769381   815662879   -910412159   449171221   408039810   532348000   -599888200   836949243   -562162392   -358369795   -331892982   -87187357   776602947   955266307   -608391211 
317686072   -897275946   427194749   65871634   673821308   309282445   416705909   224080961   -645245705   -124002118   981470687   -634488466   -816767053   620391511   891454741 
-824617326   -974092046   96911897   130795170   338808168   348720424   781020057   322169695   -898164567   949887702   42391502   632694017   -642936339   746063466   -803191797 
15
-820006824   -864313245   215100913   849697888   -747971277   -860316230   32934533   -210160226   47576216   207125086   -704726209   758255440   -636428496   472866678   286800271 
245481679   185922083   552020310   -96764221   708598105   599454472   436309619   190915682   -769203955   -578128790   -747364290   -972354134   -585836582   -225652252   -650794380 
-438192009   -101411367   819009372   -753585951   -105854505   -607931120   121719852   -446721794   -31995613   -973071659   308356802   -335262653   -663676647   590390923   -942154658 
458707940   208359783   111591043   -289089888   942335694   117432152   -235561710   325050481   646828361   -232201094   240258917   -630570065   -156531656   -482634172   -307653203 
994701168   -503010419   267675652   -642224356   -570378821   -682558437   663890236   651603905   -364274124   480787760   414953015   -6619316   104004733   -227596962   691912082 
-217696287   735394992   -452923300   -351773576   475040433   -838291786   -576809601   -682723030   -399947713   -273439733   -509234892   -196151985   73661908   565615833   315068754 
-498940897   -639139453   155346554   162523817   562235231   -662561603   137462831   -86187604   -584900980   35911711   -384598317   -634565563   -426133933   638539185   506785171 
-117247394   -312425506   -860478827   -810072844   -153078259   714645709   755532970   -112960304   755532970   714645709   -153078259   -810072844   -860478827   -312425506   -117247394 
506785171   638539185   -426133933   -634565563   -384598317   35911711   -584900980   -86187604   137462831   -662561603   562235231   162523817   155346554   -639139453   -498940897 
315068754   565615833   73661908   -196151985   -509234892   -273439733   -399947713   -682723030   -576809601   -838291786   475040433   -351773576   -452923300   735394992   -217696287 
691912082   -227596962   104004733   -6619316   414953015   480787760   -364274124   651603905   663890236   -682558437   -570378821   -642224356   267675652   -503010419   994701168 
-307653203   -482634172   -156531656   -630570065   240258917   -232201094   646828361   325050481   -235561710   117432152   942335694   -289089888   111591043   208359783   458707940 
-942154658   590390923   -663676647   -335262653   308356802   -973071659   -31995613   -446721794   121719852   -607931120   -105854505   -753585951   819009372   -101411367   -438192009 
-650794380   -225652252   -585836582   -972354134   -747364290   -578128790   -769203955   190915682   436309619   599454472   708598105   -96764221   552020310   185922083   245481679 
286800271   472866678   -636428496   758255440   -704726209   207125086   47576216   -210160226   32934533   -860316230   -747971277   849697888   215100913   -864313245   -820006824 
15
-554414042   969425682   728263838   112525210   595456187   552501449   979857072   -86942094   -659601585   855989429   582718691   -174689367   -342397727   -76071984   283326044 
-367705564   417327781   -688006618   613125240   600965240   949383412   794788907   -878259817   -219416284   817448023   -158391731   457204626   362781692   -993793329   -181308050 
-757536668   -57558546   811933451   831817031   -65963464   150536795   -727940519   372738617   915293119   223822705   -648103544   435354   607330145   950754873   808611179 
-529594879   -50572060   292907253   -729101973   -834031214   177032315   -157323518   -245860725   -139213629   -789070576   -265797314   -685250980   798081995   -979746046   282778033 
-675891644   -128752776   -394591273   241377381   736790192   -452119293   -941449901   672292681   -863193119   -439724634   -621674418   136937763   409224759   -66234516   -273480677 
526221403   941262673   635233286   -912338460   -448661366   549925613   -267313163   -291625236   86976184   -317708381   -41051651   -174733854   -99842627   748470869   -650070887 
855050   -89464353   831358066   -939352651   -600475834   395028901   541333965   530449257   528984952   -253793618   759287016   422699175   396264272   414494258   -374163514 
70731597   374489935   93671700   808434334   807458201   -604389429   425864765   -35081158   425864765   -604389429   807458201   808434334   93671700   374489935   70731597 
-374163514   414494258   396264272   422699175   759287016   -253793618   528984952   530449257   541333965   395028901   -600475834   -939352651   831358066   -89464353   855050 
-650070887   748470869   -99842627   -174733854   -41051651   -317708381   86976184   -291625236   -267313163   549925613   -448661366   -912338460   635233286   941262673   526221403 
-273480677   -66234516   409224759   136937763   -621674418   -439724634   -863193119   672292681   -941449901   -452119293   736790192   241377381   -394591273   -128752776   -675891644 
282778033   -979746046   798081995   -685250980   -265797314   -789070576   -139213629   -245860725   -157323518   177032315   -834031214   -729101973   292907253   -50572060   -529594879 
808611179   950754873   607330145   435354   -648103544   223822705   915293119   372738617   -727940519   150536795   -65963464   831817031   811933451   -57558546   -757536668 
-181308050   -993793329   362781692   457204626   -158391731   817448023   -219416284   -878259817   794788907   949383412   600965240   613125240   -688006618   417327781   -367705564 
283326044   -76071984   -342397727   -174689367   582718691   855989429   -659601585   -86942094   979857072   552501449   595456187   112525210   728263838   969425682   -554414042 
-1
