16
419539958   -266042839   323318131   506714330   -689953863   871786685   -905140525   539922261   -346926620   -450205609   127535544   505477553   349388022   775099429   420060449   331676514 
-315069226   -342782912   -375646704   301505970   683151488   -251669611   -513607622   791520782   -78852673   -86039372   -116025467   -718235483   -892348594   257879738   -468327326   605775356 
178936623   217660531   216282245   66957253   301664812   -765918974   -475859969   -235168532   -628287690   133633614   -562643924   -803607988   -391384761   717560726   -278184666   772974570 
907839876   -18545624   -102096242   -428697115   685028515   901061084   555738655   3778406   861835050   428888742   -160090071   80759164   902356737   -980355738   -724119973   364686506 
972975331   -613145528   94374612   50318157   493992655   -610195694   937199748   -790763882   784460000   -698542466   952617039   -729830713   -873609919   27592379   -433223199   -611094397 
-868077280   -878928529   663483972   -479828352   893671103   153522156   217026750   666893959   14737168   874233300   683886892   -68811388   611326497   196943509   453852103   213957137 
-475966286   875804560   557875159   -532680781   413233959   113360590   284667301   -649681453   902783051   771683586   -606813784   -923699339   82477911   -948286455   346929372   490135805 
-94117613   368722942   -899298814   412187977   972644580   -927661612   -884932613   661813877   -639309411   266839146   418321775   312266005   -182047758   -298749088   447138830   760583333 
760583333   447138830   -298749088   -182047758   312266005   418321775   266839146   -639309411   661813877   -884932613   -927661612   972644580   412187977   -899298814   368722942   -94117613 
490135805   346929372   -948286455   82477911   -923699339   -606813784   771683586   902783051   -649681453   284667301   113360590   413233959   -532680781   557875159   875804560   -475966286 
213957137   453852103   196943509   611326497   -68811388   683886892   874233300   14737168   666893959   217026750   153522156   893671103   -479828352   663483972   -878928529   -868077280 
-611094397   -433223199   27592379   -873609919   -729830713   952617039   -698542466   784460000   -790763882   937199748   -610195694   493992655   50318157   94374612   -613145528   972975331 
364686506   -724119973   -980355738   902356737   80759164   -160090071   428888742   861835050   3778406   555738655   901061084   685028515   -428697115   -102096242   -18545624   907839876 
772974570   -278184666   717560726   -391384761   -803607988   -562643924   133633614   -628287690   -235168532   -475859969   -765918974   301664812   66957253   216282245   217660531   178936623 
605775356   -468327326   257879738   -892348594   -718235483   -116025467   -86039372   -78852673   791520782   -513607622   -251669611   683151488   301505970   -375646704   -342782912   -315069226 
331676514   420060449   775099429   349388022   505477553   127535544   -450205609   -346926620   539922261   -905140525   871786685   -689953863   506714330   323318131   -266042839   419539958 
16
-463925623   -827428036   -652603911   -370806923   -294283752   73239334   -313112072   95889477   -770451073   -802757230   503377222   -249282706   -764563826   -981177607   -376661263   -748794806 
513451401   -391965505   -851845988   666503342   -683294023   -13407125   -558880790   189601658   91740390   -759145203   -993496492   -355764757   358086353   -186076089   -903353321   74352529 
-436902044   -755861321   -864189367   851732722   652250807   -661962073   208716571   -912332977   -431929595   494949399   493394097   970904081   -529883978   733615811   -694628907   -570088127 
-715879458   -165877340   -934508216   -633154954   -453152477   777176410   -232785111   64096691   -198662687   -378844098   -146344536   916264512   818499610   -97350259   723803302   853342164 
-459138588   727115401   610634460   399672667   -291585635   192911722   15774942   582642883   -698073498   432913126   581908215   22036586   185604792   317278886   912689968   -320243975 
290225340   512192817   26775412   -767405367   975817250   -444206184   979141942   -557365086   -101828871   -356830647   -937539853   -606096592   471006318   452663907   608460911   -698074977 
296679609   385438266   527083490   896909533   368453036   827724535   203973136   -254227311   127479646   928326446   211459264   -274167482   -445605131   -722435384   -946356946   546092713 
-369349129   526508066   500398961   -219094926   637785910   281667439   -170936401   -490283097   158525168   -550144196   -566176430   298781084   -33751029   -726849163   936446232   464242362 
464242362   936446232   -726849163   -33751029   298781084   -566176430   -550144196   158525168   -490283097   -170936401   281667439   637785910   -219094926   500398961   526508066   -369349129 
546092713   -946356946   -722435384   -445605131   -274167482   211459264   928326446   127479646   -254227311   203973136   827724535   368453036   896909533   527083490   385438266   296679609 
-698074977   608460911   452663907   471006318   -606096592   -937539853   -356830647   -101828871   -557365086   979141942   -444206184   975817250   -767405367   26775412   512192817   290225340 
-320243975   912689968   317278886   185604792   22036586   581908215   432913126   -698073498   582642883   15774942   192911722   -291585635   399672667   610634460   727115401   -459138588 
853342164   723803302   -97350259   818499610   916264512   -146344536   -378844098   -198662687   64096691   -232785111   777176410   -453152477   -633154954   -934508216   -165877340   -715879458 
-570088127   -694628907   733615811   -529883978   970904081   493394097   494949399   -431929595   -912332977   208716571   -661962073   652250807   851732722   -864189367   -755861321   -436902044 
74352529   -903353321   -186076089   358086353   -355764757   -993496492   -759145203   91740390   189601658   -558880790   -13407125   -683294023   666503342   -851845988   -391965505   513451401 
-748794806   -376661263   -981177607   -764563826   -249282706   503377222   -802757230   -770451073   95889477   -313112072   73239334   -294283752   -370806923   -652603911   -827428036   -463925623 
16
-293586334   -137449413   179324881   255190863   415258363   -639589726   663431685   970037139   -69934900   -670246451   700729978   646222995   -820412212   341874385   -297524854   -319132451 
884790475   -114448303   -897159082   365226177   675878577   210226869   -220420851   -332906097   -170675556   986145608   -361663114   984931806   -861130194   970964745   -381817448   -201952963 
873194375   -898863189   227411599   574270368   -405093463   -305701101   -335441104   -249406057   -25083807   756666371   -79115690   176886271   -891451778   789407248   798019019   -45572250 
-565419562   -817944733   -46195147   -272718604   557392546   -927256907   -180832751   -42858594   847116912   -256468644   149307942   317995261   652094913   968196025   859204900   -72202029 
868964887   639601480   875475800   -565265863   432595531   -853237035   336711029   985863287   -817519895   -517324305   -65963901   240170762   432341491   -8910225   -182465724   861458680 
-88669120   -658784093   461883810   -912725346   -272200050   -600480616   -96192847   487780522   -974666688   -439517500   581741157   677259244   -921180249   526222146   -619128312   -61061953 
-720291211   -488923325   -920563057   499480339   -101308966   185872129   746291320   -79702253   559433911   577621589   -717090760   -599220287   -353500357   503599709   -959041118   954708626 
-42972884   -623992725   80484652   -202093353   939506488   110288277   -953544838   80580537   -262148947   -930569897   -187490020   475722678   848648828   699964803   802021147   -623348594 
-623348594   802021147   699964803   848648828   475722678   -187490020   -930569897   -262148947   80580537   -953544838   110288277   939506488   -202093353   80484652   -623992725   -42972884 
954708626   -959041118   503599709   -353500357   -599220287   -717090760   577621589   559433911   -79702253   746291320   185872129   -101308966   499480339   -920563057   -488923325   -720291211 
-61061953   -619128312   526222146   -921180249   677259244   581741157   -439517500   -974666688   487780522   -96192847   -600480616   -272200050   -912725346   461883810   -658784093   -88669120 
861458680   -182465724   -8910225   432341491   240170762   -65963901   -517324305   -817519895   985863287   336711029   -853237035   432595531   -565265863   875475800   639601480   868964887 
-72202029   859204900   968196025   652094913   317995261   149307942   -256468644   847116912   -42858594   -180832751   -927256907   557392546   -272718604   -46195147   -817944733   -565419562 
-45572250   798019019   789407248   -891451778   176886271   -79115690   756666371   -25083807   -249406057   -335441104   -305701101   -405093463   574270368   227411599   -898863189   873194375 
-201952963   -381817448   970964745   -861130194   984931806   -361663114   986145608   -170675556   -332906097   -220420851   210226869   675878577   365226177   -897159082   -114448303   884790475 
-319132451   -297524854   341874385   -820412212   646222995   700729978   -670246451   -69934900   970037139   663431685   -639589726   415258363   255190863   179324881   -137449413   -293586334 
16
-236389107   984487833   234841120   -578286172   319878457   -75552320   830709099   918855762   217653408   -956741516   -654376320   701864398   -698855280   -579864642   -477133544   407933796 
798801485   484760111   311967426   292916547   220304117   432443515   448255266   -14585306   927781994   -768078799   550716950   935767640   -666354333   59224220   162289727   -126421371 
906871107   965523136   -583753161   -530926182   786385265   803570509   -391167585   236717139   904077995   717790758   -654879203   331608907   989080715   970843899   48949234   -143759361 
198387373   289560485   191986574   202107756   715002110   248566425   809071364   66533642   -613074715   -921421993   -774569341   146860520   -910367629   738969821   394733810   744516918 
977118933   -236058122   92507948   -606790108   -705250519   681632760   -538040635   794357560   172931699   816679092   324865896   -940867478   179751086   -879811166   285061191   614635587 
294794378   48460278   -134439606   71887206   -103081038   136797735   817093254   176517803   -552223581   213211102   914168735   -750340742   235998360   659420442   -567927968   398481538 
-450443379   526506369   930782565   486592754   742459346   -507937989   430319483   314552075   -516966604   494610026   -802987023   -351708892   -946576240   -551551505   57519681   345921115 
724291394   -791753422   459337582   453662254   -816757323   -788035999   -38363914   50223530   249528848   -863699091   623594075   874790686   970844113   657356463   228322641   -788069576 
-788069576   228322641   657356463   970844113   874790686   623594075   -863699091   249528848   50223530   -38363914   -788035999   -816757323   453662254   459337582   -791753422   724291394 
345921115   57519681   -551551505   -946576240   -351708892   -802987023   494610026   -516966604   314552075   430319483   -507937989   742459346   486592754   930782565   526506369   -450443379 
398481538   -567927968   659420442   235998360   -750340742   914168735   213211102   -552223581   176517803   817093254   136797735   -103081038   71887206   -134439606   48460278   294794378 
614635587   285061191   -879811166   179751086   -940867478   324865896   816679092   172931699   794357560   -538040635   681632760   -705250519   -606790108   92507948   -236058122   977118933 
744516918   394733810   738969821   -910367629   146860520   -774569341   -921421993   -613074715   66533642   809071364   248566425   715002110   202107756   191986574   289560485   198387373 
-143759361   48949234   970843899   989080715   331608907   -654879203   717790758   904077995   236717139   -391167585   803570509   786385265   -530926182   -583753161   965523136   906871107 
-126421371   162289727   59224220   -666354333   935767640   550716950   -768078799   927781994   -14585306   448255266   432443515   220304117   292916547   311967426   484760111   798801485 
407933796   -477133544   -579864642   -698855280   701864398   -654376320   -956741516   217653408   918855762   830709099   -75552320   319878457   -578286172   234841120   984487833   -236389107 
16
-127930333   -8196866   743413151   -540303939   90607332   896283637   -905488778   -45520455   1848191   -124139219   -168394297   -42669712   603496082   -182830964   -515993421   5550265 
387524503   164921987   -813476368   -745320454   -546551546   585734274   -336400938   -989773589   332096747   982845750   837740595   -990994157   -993032502   -238180652   815905452   834566961 
588987376   -707819382   684845564   -725599611   462989060   814293863   -240583346   721003250   -115779491   863300411   823219626   770913369   -403552072   -597905343   -111321259   -784149616 
-539785325   -458872947   -743852119   355940342   -101621457   365347705   456701777   -860893782   418618332   884153479   518979253   -326893179   -407660201   -861355894   -891650107   178677306 
822635178   701376623   -965428091   241030568   -2525564   -653434179   -161345272   645202584   -288697793   -279304055   -404556421   -487365696   -511167263   276450383   -140299153   -791381671 
699427577   956190471   -666166582   963409832   230055085   -574930372   902174010   -548334974   307778113   -46056800   255233665   671859436   -545043104   -512148547   -743036937   -980100643 
-570965612   823585493   -408041414   109296712   -389430532   -543569913   36116571   -39197034   789268004   449584168   25476912   -140264683   -309020001   -335958162   -813506536   197094492 
-476796295   246624414   205664622   -34509092   363883214   -574986967   427807454   -166432098   -444629524   -953435817   315279552   254618725   -289224872   -455159372   -146197341   22723280 
22723280   -146197341   -455159372   -289224872   254618725   315279552   -953435817   -444629524   -166432098   427807454   -574986967   363883214   -34509092   205664622   246624414   -476796295 
197094492   -813506536   -335958162   -309020001   -140264683   25476912   449584168   789268004   -39197034   36116571   -543569913   -389430532   109296712   -408041414   823585493   -570965612 
-980100643   -743036937   -512148547   -545043104   671859436   255233665   -46056800   307778113   -548334974   902174010   -574930372   230055085   963409832   -666166582   956190471   699427577 
-791381671   -140299153   276450383   -511167263   -487365696   -404556421   -279304055   -288697793   645202584   -161345272   -653434179   -2525564   241030568   -965428091   701376623   822635178 
178677306   -891650107   -861355894   -407660201   -326893179   518979253   884153479   418618332   -860893782   456701777   365347705   -101621457   355940342   -743852119   -458872947   -539785325 
-784149616   -111321259   -597905343   -403552072   770913369   823219626   863300411   -115779491   721003250   -240583346   814293863   462989060   -725599611   684845564   -707819382   588987376 
834566961   815905452   -238180652   -993032502   -990994157   837740595   982845750   332096747   -989773589   -336400938   585734274   -546551546   -745320454   -813476368   164921987   387524503 
5550265   -515993421   -182830964   603496082   -42669712   -168394297   -124139219   1848191   -45520455   -905488778   896283637   90607332   -540303939   743413151   -8196866   -127930333 
16
557888243   91017019   -866894954   -228408721   215720401   -422524842   640184981   -469584566   -193871682   -128923788   -584689330   -187712989   252844732   492823232   899908312   -278824879 
-94988209   98064656   -436211122   712136258   391524213   -404829691   69829871   535209319   -560458702   -576810646   212943183   935671820   -391050974   249952768   -128082634   743367281 
-870942773   -712882200   30402247   -338640977   231393622   -559383983   -714806123   193953773   683397096   -600217449   406579752   -295482006   765092127   574009521   932843369   -398916251 
194369228   -200677393   890646769   -864759461   -855168461   -943766481   444008227   -671505289   -916057697   811407972   316575560   -497297323   415573492   -979899248   3420952   -983779491 
936270289   965607247   848890893   -967409494   114325614   -440957120   377207838   461157116   -71019547   647715014   -136186497   -700835447   -38144921   324562296   996951115   282773992 
-890595278   580366396   984645086   735707892   874190166   -475338223   265296294   -873191557   85037851   534044566   890071052   -70207629   665106755   66072373   -922025652   -341456391 
-679748766   -968615606   -132514436   -243065836   871633076   -304071786   -757493038   -247993970   550472104   -516317687   706264404   344566258   -718287301   648713521   -710750733   -31162799 
-236645249   890756489   312217745   -84186554   -53503957   499583280   -431229641   335848706   380878372   988694712   -193070522   526209073   331148908   380457377   -239468522   -111796832 
-111796832   -239468522   380457377   331148908   526209073   -193070522   988694712   380878372   335848706   -431229641   499583280   -53503957   -84186554   312217745   890756489   -236645249 
-31162799   -710750733   648713521   -718287301   344566258   706264404   -516317687   550472104   -247993970   -757493038   -304071786   871633076   -243065836   -132514436   -968615606   -679748766 
-341456391   -922025652   66072373   665106755   -70207629   890071052   534044566   85037851   -873191557   265296294   -475338223   874190166   735707892   984645086   580366396   -890595278 
282773992   996951115   324562296   -38144921   -700835447   -136186497   647715014   -71019547   461157116   377207838   -440957120   114325614   -967409494   848890893   965607247   936270289 
-983779491   3420952   -979899248   415573492   -497297323   316575560   811407972   -916057697   -671505289   444008227   -943766481   -855168461   -864759461   890646769   -200677393   194369228 
-398916251   932843369   574009521   765092127   -295482006   406579752   -600217449   683397096   193953773   -714806123   -559383983   231393622   -338640977   30402247   -712882200   -870942773 
743367281   -128082634   249952768   -391050974   935671820   212943183   -576810646   -560458702   535209319   69829871   -404829691   391524213   712136258   -436211122   98064656   -94988209 
-278824879   899908312   492823232   252844732   -187712989   -584689330   -128923788   -193871682   -469584566   640184981   -422524842   215720401   -228408721   -866894954   91017019   557888243 
16
-571205291   809304798   -388106586   551756538   -531100297   981140772   23172845   697236849   -891670946   -46327042   -529391839   -993185452   213419152   -406512376   -478380483   991308613 
-324249804   -148391866   -68536265   558338124   -563156132   292794763   908481640   -759884231   -20006396   405996729   318760301   -372854044   -917447636   -214003144   852114964   -276421378 
-139140577   -869818966   300355255   218765288   -972695678   572715209   -701113088   -17918180   -740893838   322328690   -389478311   972860504   15661646   49858226   -774371994   -484475142 
-855542626   340291919   -423834917   960111004   -369024880   799266317   984453515   197553669   -924018394   394067944   -168326379   -756566891   394340830   225498194   -319349135   -719618872 
162004585   962422353   344526662   908577886   300925338   748925458   985190925   812590938   436362305   439854554   -713523786   -502778742   680934715   -37364430   725904798   564260096 
-450248553   691144018   548501581   -657585546   -56099927   -421258198   634288066   -220359835   -339401868   -471750281   706802225   -333622385   38723180   792863789   -608966091   937027366 
178338919   -738364936   -673540603   -453190852   761620475   44376916   -272834968   -237514949   941282474   -117992091   65367327   895592706   683432010   -339228911   139644264   -494286810 
258131284   -102433377   758881640   733727130   698842519   56015904   249015221   702915886   -541483139   -327000131   -176386150   203998019   863387716   -640832894   -50707890   135776138 
135776138   -50707890   -640832894   863387716   203998019   -176386150   -327000131   -541483139   702915886   249015221   56015904   698842519   733727130   758881640   -102433377   258131284 
-494286810   139644264   -339228911   683432010   895592706   65367327   -117992091   941282474   -237514949   -272834968   44376916   761620475   -453190852   -673540603   -738364936   178338919 
937027366   -608966091   792863789   38723180   -333622385   706802225   -471750281   -339401868   -220359835   634288066   -421258198   -56099927   -657585546   548501581   691144018   -450248553 
564260096   725904798   -37364430   680934715   -502778742   -713523786   439854554   436362305   812590938   985190925   748925458   300925338   908577886   344526662   962422353   162004585 
-719618872   -319349135   225498194   394340830   -756566891   -168326379   394067944   -924018394   197553669   984453515   799266317   -369024880   960111004   -423834917   340291919   -855542626 
-484475142   -774371994   49858226   15661646   972860504   -389478311   322328690   -740893838   -17918180   -701113088   572715209   -972695678   218765288   300355255   -869818966   -139140577 
-276421378   852114964   -214003144   -917447636   -372854044   318760301   405996729   -20006396   -759884231   908481640   292794763   -563156132   558338124   -68536265   -148391866   -324249804 
991308613   -478380483   -406512376   213419152   -993185452   -529391839   -46327042   -891670946   697236849   23172845   981140772   -531100297   551756538   -388106586   809304798   -571205291 
16
-805471076   -758485248   -524832537   -619011356   -759132270   -652362884   523605443   -404456601   717487782   924526955   -504290476   -94378948   222507424   -453872943   -774843236   903086414 
-173032033   11798089   13051303   -894294982   -823582741   938893342   -191517749   -502242857   282247968   566874196   784856390   -909592424   -688094809   780266531   968490923   856717117 
329782382   431901354   -310733035   -160483014   -81116854   -163790739   394905633   -263436387   -114507648   -312123930   -655998272   -719569506   878633257   977686633   364684383   30129773 
133865046   482128539   392233196   876615363   930811544   -96881934   939483122   418062009   452569465   -857903273   367136033   441407074   -548235196   -851056017   673465616   -183672012 
-541858212   -584895949   413634567   -71673213   482865628   -314333404   -97521614   743857467   851370615   216098422   -185824526   -936827935   -738064705   835204112   706754130   926232921 
269001910   970960715   -630530567   -270145496   959681009   -302423754   -661701233   783297189   746218247   -21821022   911571338   -409529250   198522786   -212769072   468501610   -104485773 
-249000846   433768518   934597762   -384953015   530351259   538368106   635116037   -148380001   -153153325   -393310186   860461320   -336055675   581814870   183067485   476673051   -751465233 
-435069351   756368973   222909603   406846750   -837875596   217875718   -181425617   3900659   -225687600   18683295   131042213   794813453   874473295   -166801430   -162106187   48411366 
48411366   -162106187   -166801430   874473295   794813453   131042213   18683295   -225687600   3900659   -181425617   217875718   -837875596   406846750   222909603   756368973   -435069351 
-751465233   476673051   183067485   581814870   -336055675   860461320   -393310186   -153153325   -148380001   635116037   538368106   530351259   -384953015   934597762   433768518   -249000846 
-104485773   468501610   -212769072   198522786   -409529250   911571338   -21821022   746218247   783297189   -661701233   -302423754   959681009   -270145496   -630530567   970960715   269001910 
926232921   706754130   835204112   -738064705   -936827935   -185824526   216098422   851370615   743857467   -97521614   -314333404   482865628   -71673213   413634567   -584895949   -541858212 
-183672012   673465616   -851056017   -548235196   441407074   367136033   -857903273   452569465   418062009   939483122   -96881934   930811544   876615363   392233196   482128539   133865046 
30129773   364684383   977686633   878633257   -719569506   -655998272   -312123930   -114507648   -263436387   394905633   -163790739   -81116854   -160483014   -310733035   431901354   329782382 
856717117   968490923   780266531   -688094809   -909592424   784856390   566874196   282247968   -502242857   -191517749   938893342   -823582741   -894294982   13051303   11798089   -173032033 
903086414   -774843236   -453872943   222507424   -94378948   -504290476   924526955   717487782   -404456601   523605443   -652362884   -759132270   -619011356   -524832537   -758485248   -805471076 
16
-631337092   27875281   557086977   -276225625   234960527   467126019   579202212   607935839   -408085060   378271659   742098286   -221577580   -554755737   -700731328   -883696690   260687488 
-971311345   697104979   970505829   -367386790   -775462414   161371005   -889659405   -528181877   -137290203   440842861   -252084350   -787688553   -105864286   703295098   -854224537   82744166 
949204982   -348331176   995309412   -318997717   -380655639   874749969   -964928706   655198976   538199940   279696160   -607676367   -238876870   -580167389   -364608059   775074683   -699169856 
173496367   372337852   517504105   309294946   -467322960   432976639   -979823386   -608551398   -708710098   53301436   205613665   441656769   791156586   348234223   648464202   -701932944 
-424199971   -153773048   -186834242   -242709538   933812398   789530530   -406716738   338147935   87415720   -251759456   282027496   525592948   -843849804   -11333032   335944195   -972566423 
725767484   92699385   212908362   -101646826   519472869   -801522740   -703187678   -246096264   359549809   -153133965   -361228620   452728574   -958301803   -554225155   614139548   -833030322 
-312723323   -609480855   723058876   -203050129   -175176892   -817071985   -178576912   -637401234   -775733060   -551267518   83989407   -622236125   351142259   761203856   894963791   396604521 
557587120   141467401   110623607   125005009   -415659724   398106310   -281138720   -587999512   729487383   507761084   272434233   -776118903   -556581510   -640759633   -178440966   -135227748 
-135227748   -178440966   -640759633   -556581510   -776118903   272434233   507761084   729487383   -587999512   -281138720   398106310   -415659724   125005009   110623607   141467401   557587120 
396604521   894963791   761203856   351142259   -622236125   83989407   -551267518   -775733060   -637401234   -178576912   -817071985   -175176892   -203050129   723058876   -609480855   -312723323 
-833030322   614139548   -554225155   -958301803   452728574   -361228620   -153133965   359549809   -246096264   -703187678   -801522740   519472869   -101646826   212908362   92699385   725767484 
-972566423   335944195   -11333032   -843849804   525592948   282027496   -251759456   87415720   338147935   -406716738   789530530   933812398   -242709538   -186834242   -153773048   -424199971 
-701932944   648464202   348234223   791156586   441656769   205613665   53301436   -708710098   -608551398   -979823386   432976639   -467322960   309294946   517504105   372337852   173496367 
-699169856   775074683   -364608059   -580167389   -238876870   -607676367   279696160   538199940   655198976   -964928706   874749969   -380655639   -318997717   995309412   -348331176   949204982 
82744166   -854224537   703295098   -105864286   -787688553   -252084350   440842861   -137290203   -528181877   -889659405   161371005   -775462414   -367386790   970505829   697104979   -971311345 
260687488   -883696690   -700731328   -554755737   -221577580   742098286   378271659   -408085060   607935839   579202212   467126019   234960527   -276225625   557086977   27875281   -631337092 
16
-245602599   229593546   -432716279   276612406   114115913   -651170266   -320559899   959757026   920349274   406596707   720962080   -864303804   -243181297   454385068   701439841   -623762014 
15578949   340731529   -620119464   -811512024   -540832608   231372132   279242989   -338604554   -534323982   -497750212   680320879   -216081402   963770126   -536416987   712602786   -931171524 
601451414   658554339   829914324   -945460444   -616104947   -814851174   -292436772   -48797992   46841055   -727935396   -933357394   373155482   913685459   -576923674   747886671   656941132 
-547016118   207029193   232250589   478736562   -463378158   106428922   -820911370   345332999   238565939   -195331468   489021763   -321270092   -700777812   308195153   -145184241   -113181660 
-526780340   -833090954   895734423   790499285   459562631   -658784369   -656011347   -837280277   569800232   763290188   -763090828   387521976   905714362   312231355   -874602662   804663593 
-52074337   -608667468   -843808016   -340539633   969263631   -373122069   -814497368   369778890   66451290   -730581016   497958604   -771424882   -935944784   559384570   64898205   245443346 
-807353437   72816449   -995119276   -607595663   -166653048   -34402203   -103067668   886157731   -142410046   214127101   -59097096   -821983877   -998006852   -309133246   -102354527   964728330 
207276487   -631205829   -569627081   535074637   437700589   -57504944   192069970   -66469822   160573940   -581714786   925293033   329933949   -716576867   -111563381   -436663643   410581993 
410581993   -436663643   -111563381   -716576867   329933949   925293033   -581714786   160573940   -66469822   192069970   -57504944   437700589   535074637   -569627081   -631205829   207276487 
964728330   -102354527   -309133246   -998006852   -821983877   -59097096   214127101   -142410046   886157731   -103067668   -34402203   -166653048   -607595663   -995119276   72816449   -807353437 
245443346   64898205   559384570   -935944784   -771424882   497958604   -730581016   66451290   369778890   -814497368   -373122069   969263631   -340539633   -843808016   -608667468   -52074337 
804663593   -874602662   312231355   905714362   387521976   -763090828   763290188   569800232   -837280277   -656011347   -658784369   459562631   790499285   895734423   -833090954   -526780340 
-113181660   -145184241   308195153   -700777812   -321270092   489021763   -195331468   238565939   345332999   -820911370   106428922   -463378158   478736562   232250589   207029193   -547016118 
656941132   747886671   -576923674   913685459   373155482   -933357394   -727935396   46841055   -48797992   -292436772   -814851174   -616104947   -945460444   829914324   658554339   601451414 
-931171524   712602786   -536416987   963770126   -216081402   680320879   -497750212   -534323982   -338604554   279242989   231372132   -540832608   -811512024   -620119464   340731529   15578949 
-623762014   701439841   454385068   -243181297   -864303804   720962080   406596707   920349274   959757026   -320559899   -651170266   114115913   276612406   -432716279   229593546   -245602599 
-1
