16
-394173091   -435704938   206174546   583331711   -230071560   -69230482   -601026258   792207363   -99123611   130266223   -139307677   21460391   -132953075   -951589664   -306558087   428892297 
262144271   -687355685   751333732   -35411032   366955140   -970415086   470445987   717150988   506656394   -411527539   442289102   -293013380   609329757   -176955109   -889123937   -940278039 
-685079361   -748281628   -596575933   -538407512   367427208   143534607   978855862   548511946   630206186   623016833   -294295497   -960549797   186717834   655468742   -237080326   902531857 
-337430638   -454731386   37664764   305230704   -492700750   104148600   -6633536   -213483370   111463615   968559001   -27724675   202331320   997283726   726317635   -579396573   -329049104 
485312321   992942685   202815924   -42405778   -917948848   -218845132   -391509040   -773133050   -452255656   993826120   -93127120   26048040   -516414551   848327357   350891793   876544009 
-443783565   80070569   247111006   785867703   204273322   -233461989   -371870556   -506548788   -2256924   801898391   271341312   -648168568   8265615   332622361   -81979963   853851736 
-198465967   -330424528   828425556   858024150   483744773   -832985481   149798806   274605828   941982179   -753344081   -922390777   -64672474   400969428   444779535   -983051205   760655461 
-726717667   118951247   348215893   -953407133   -603515208   519987549   -517580957   -595162134   361903975   -797423491   -824044542   -198757248   120901930   -18347550   908799086   978239578 
978239578   908799086   -18347550   120901930   -198757248   -824044542   -797423491   361903975   -595162134   -517580957   519987549   -603515208   -953407133   348215893   118951247   -726717667 
760655461   -983051205   444779535   400969428   -64672474   -922390777   -753344081   941982179   274605828   149798806   -832985481   483744773   858024150   828425556   -330424528   -198465967 
853851736   -81979963   332622361   8265615   -648168568   271341312   801898391   -2256924   -506548788   -371870556   -233461989   204273322   785867703   247111006   80070569   -443783565 
876544009   350891793   848327357   -516414551   26048040   -93127120   993826120   -452255656   -773133050   -391509040   -218845132   -917948848   -42405778   202815924   992942685   485312321 
-329049104   -579396573   726317635   997283726   202331320   -27724675   968559001   111463615   -213483370   -6633536   104148600   -492700750   305230704   37664764   -454731386   -337430638 
902531857   -237080326   655468742   186717834   -960549797   -294295497   623016833   630206186   548511946   978855862   143534607   367427208   -538407512   -596575933   -748281628   -685079361 
-940278039   -889123937   -176955109   609329757   -293013380   442289102   -411527539   506656394   717150988   470445987   -970415086   366955140   -35411032   751333732   -687355685   262144271 
428892297   -306558087   -951589664   -132953075   21460391   -139307677   130266223   -99123611   792207363   -601026258   -69230482   -230071560   583331711   206174546   -435704938   -394173091 
16
953063369   887210976   912872206   855162689   554166628   434981522   490134084   -609171340   891159362   -406472532   880955995   942194894   439879084   834714341   -167691451   -224234290 
795855542   -915757440   446567487   650065485   -710573857   -233917410   960303467   -851571503   -231475178   996851633   -496489387   -246501901   428431458   374745442   -215499814   -285903901 
446126739   683925914   -103749592   912382728   -212175081   315767908   181359841   -290275990   361024980   864898109   124983282   -975058521   193823100   -284548621   -935981139   620525935 
-595222746   672715642   -265196266   879304755   -437975394   -675175679   853720475   -403959961   937346155   -595745282   261035935   871546844   -363177177   94245594   -155458003   998669890 
-556670364   16818903   304693511   -66595522   -19814778   -30596255   -918025663   243991763   824268769   951748386   780993539   -48256628   764365340   -843572941   -254627094   698563304 
-175317440   -667309331   -865243033   655487844   124470917   -49110796   -47721216   53464490   -676024858   -68262743   -105985381   -917471543   -650056583   555563702   -907161068   -288594309 
-30569266   894258009   463235222   497525540   226022584   -19068832   -544705336   -521733107   -678535319   -365794672   808734266   542670330   -489638911   -115497783   -884229651   -558000785 
77484146   -967800500   -432899511   975999441   -42423262   -831305139   376116260   -296381297   614586607   983243287   -530475408   -204280867   527826384   435955714   454201654   99566025 
99566025   454201654   435955714   527826384   -204280867   -530475408   983243287   614586607   -296381297   376116260   -831305139   -42423262   975999441   -432899511   -967800500   77484146 
-558000785   -884229651   -115497783   -489638911   542670330   808734266   -365794672   -678535319   -521733107   -544705336   -19068832   226022584   497525540   463235222   894258009   -30569266 
-288594309   -907161068   555563702   -650056583   -917471543   -105985381   -68262743   -676024858   53464490   -47721216   -49110796   124470917   655487844   -865243033   -667309331   -175317440 
698563304   -254627094   -843572941   764365340   -48256628   780993539   951748386   824268769   243991763   -918025663   -30596255   -19814778   -66595522   304693511   16818903   -556670364 
998669890   -155458003   94245594   -363177177   871546844   261035935   -595745282   937346155   -403959961   853720475   -675175679   -437975394   879304755   -265196266   672715642   -595222746 
620525935   -935981139   -284548621   193823100   -975058521   124983282   864898109   361024980   -290275990   181359841   315767908   -212175081   912382728   -103749592   683925914   446126739 
-285903901   -215499814   374745442   428431458   -246501901   -496489387   996851633   -231475178   -851571503   960303467   -233917410   -710573857   650065485   446567487   -915757440   795855542 
-224234290   -167691451   834714341   439879084   942194894   880955995   -406472532   891159362   -609171340   490134084   434981522   554166628   855162689   912872206   887210976   953063369 
16
-861070790   -619723961   -717540775   -798725327   -876675136   210560418   698522568   146674685   -111815027   -488975086   -989379685   15479806   -863571273   -222615277   223460770   496817119 
-846557855   343692214   764281103   -489539985   -408405358   968565446   342963589   780030433   -332671961   300766468   193695369   -324658810   -1111886   435112146   700403629   -197206715 
723290703   985114339   -382739947   74866870   395314820   -33753767   949156198   -114607954   -169869433   867044128   147706160   -96929734   20444088   -868540674   -233236013   708203420 
-855779258   -916158784   -587634247   305074428   515191650   254378283   754072363   865093533   212693023   -326620844   299948637   993533176   296987566   89789579   249984477   -851946428 
825622300   -641764655   -230589009   -120319628   -11913282   -917726276   -131261597   -30585041   -510075222   -199411008   -117593343   852155277   819023010   -102387408   682302052   -194101100 
655548692   151014298   -731872582   416473696   832652506   475279777   655065994   -7450822   554000696   335642102   455244436   -205819800   -817026117   -973968807   420448645   889001103 
219367512   -262914830   349177160   -365198735   133101406   135279744   620672977   6136768   -634167665   569837378   -438947497   757147213   729839476   504521437   -126814198   -821944090 
-750020446   555474999   -328843677   -199879514   54450380   357123534   -538644311   620249818   -724162451   396332141   993326269   -758147501   -431165869   -331054931   -358193285   -72561151 
-72561151   -358193285   -331054931   -431165869   -758147501   993326269   396332141   -724162451   620249818   -538644311   357123534   54450380   -199879514   -328843677   555474999   -750020446 
-821944090   -126814198   504521437   729839476   757147213   -438947497   569837378   -634167665   6136768   620672977   135279744   133101406   -365198735   349177160   -262914830   219367512 
889001103   420448645   -973968807   -817026117   -205819800   455244436   335642102   554000696   -7450822   655065994   475279777   832652506   416473696   -731872582   151014298   655548692 
-194101100   682302052   -102387408   819023010   852155277   -117593343   -199411008   -510075222   -30585041   -131261597   -917726276   -11913282   -120319628   -230589009   -641764655   825622300 
-851946428   249984477   89789579   296987566   993533176   299948637   -326620844   212693023   865093533   754072363   254378283   515191650   305074428   -587634247   -916158784   -855779258 
708203420   -233236013   -868540674   20444088   -96929734   147706160   867044128   -169869433   -114607954   949156198   -33753767   395314820   74866870   -382739947   985114339   723290703 
-197206715   700403629   435112146   -1111886   -324658810   193695369   300766468   -332671961   780030433   342963589   968565446   -408405358   -489539985   764281103   343692214   -846557855 
496817119   223460770   -222615277   -863571273   15479806   -989379685   -488975086   -111815027   146674685   698522568   210560418   -876675136   -798725327   -717540775   -619723961   -861070790 
16
-871701961   4068595   -18240546   376384036   -317293724   645924767   682685848   -248457742   283251768   -974033843   249223953   -968070248   -380131026   -698669011   -823062889   -726255925 
-696877793   749197080   -592799191   969933331   -354546499   582103194   947820829   -646240038   -297294702   -428350374   -742016641   46634472   -888619219   -790337950   -710625824   -568689661 
349195042   -422080290   -35216903   931160525   -26473039   -309872954   -930650136   940944117   -262489826   239614592   320043684   134339069   -252068741   412415984   300084948   -523954499 
107185536   -835330625   737986510   -96326451   -898426683   -685101460   410870180   -50165422   -102142482   571999072   -598431983   -193004608   911538388   298720499   -347505006   -771291819 
-960113198   -12623643   180328144   -709195937   -806305892   -766762076   406483742   -749496865   315418082   -543873752   884426802   -141509435   613868842   418811465   171613674   -17261746 
-121718976   214935565   636574653   -254161400   718156802   224357707   -940348966   -226475470   15007315   4880889   594956239   630597352   159205287   613745566   255694948   421614976 
-17146727   49682826   -364243952   -466082550   -15402490   -934563613   -99359010   605386202   790923219   -683224593   344458957   -143343766   129286878   -176681579   -12106683   -391330186 
731534009   -159148575   -738088283   -530497612   -133017222   -848883932   -11632495   770080651   985874844   42407370   -299191379   683195388   538691681   -712874142   782007950   475386573 
475386573   782007950   -712874142   538691681   683195388   -299191379   42407370   985874844   770080651   -11632495   -848883932   -133017222   -530497612   -738088283   -159148575   731534009 
-391330186   -12106683   -176681579   129286878   -143343766   344458957   -683224593   790923219   605386202   -99359010   -934563613   -15402490   -466082550   -364243952   49682826   -17146727 
421614976   255694948   613745566   159205287   630597352   594956239   4880889   15007315   -226475470   -940348966   224357707   718156802   -254161400   636574653   214935565   -121718976 
-17261746   171613674   418811465   613868842   -141509435   884426802   -543873752   315418082   -749496865   406483742   -766762076   -806305892   -709195937   180328144   -12623643   -960113198 
-771291819   -347505006   298720499   911538388   -193004608   -598431983   571999072   -102142482   -50165422   410870180   -685101460   -898426683   -96326451   737986510   -835330625   107185536 
-523954499   300084948   412415984   -252068741   134339069   320043684   239614592   -262489826   940944117   -930650136   -309872954   -26473039   931160525   -35216903   -422080290   349195042 
-568689661   -710625824   -790337950   -888619219   46634472   -742016641   -428350374   -297294702   -646240038   947820829   582103194   -354546499   969933331   -592799191   749197080   -696877793 
-726255925   -823062889   -698669011   -380131026   -968070248   249223953   -974033843   283251768   -248457742   682685848   645924767   -317293724   376384036   -18240546   4068595   -871701961 
16
584225536   -966146512   -867413105   -947698327   -404625842   -207147291   929705444   39260855   -707451043   -438520499   942648874   -996382496   658660661   727529010   -412386174   -899184243 
332121506   124585460   549409201   -308034600   -878398398   -442055424   139694605   -276647994   -966687718   605292913   441673565   625749336   -837623439   -870158032   223151417   -292897612 
543814386   837422811   17122402   -373953723   875381335   -26323752   -19974881   -371417162   977607782   -722050332   -629090840   -613862995   -978214747   -33677884   329176015   -250118012 
-416637239   -964447504   -329450495   -900517328   -818472909   -231522811   870165591   257656377   420472786   799930363   329605817   170857658   424107879   849332304   -940503293   -280532637 
271764562   236809642   121684176   986358458   -879657575   713494378   337096029   949662867   153096253   -431490828   341264013   913878898   357790792   -867063061   75485387   -728447054 
848605400   -296673152   453368112   -535774167   -151542755   -485551542   -567995001   722781534   -10042846   397526322   -75142733   553123892   763689974   181607997   -77464271   6964104 
937578400   595535126   -564974363   601976647   893053139   503704112   655101532   -875074314   -731922250   -840900167   176695808   -395300430   622690579   -435986678   250528325   752222427 
-295008892   85277520   49438394   659430812   717385261   -844575764   858496435   100756180   271573832   219280733   854621387   -463227384   -268475446   -361277428   -594598444   549989406 
549989406   -594598444   -361277428   -268475446   -463227384   854621387   219280733   271573832   100756180   858496435   -844575764   717385261   659430812   49438394   85277520   -295008892 
752222427   250528325   -435986678   622690579   -395300430   176695808   -840900167   -731922250   -875074314   655101532   503704112   893053139   601976647   -564974363   595535126   937578400 
6964104   -77464271   181607997   763689974   553123892   -75142733   397526322   -10042846   722781534   -567995001   -485551542   -151542755   -535774167   453368112   -296673152   848605400 
-728447054   75485387   -867063061   357790792   913878898   341264013   -431490828   153096253   949662867   337096029   713494378   -879657575   986358458   121684176   236809642   271764562 
-280532637   -940503293   849332304   424107879   170857658   329605817   799930363   420472786   257656377   870165591   -231522811   -818472909   -900517328   -329450495   -964447504   -416637239 
-250118012   329176015   -33677884   -978214747   -613862995   -629090840   -722050332   977607782   -371417162   -19974881   -26323752   875381335   -373953723   17122402   837422811   543814386 
-292897612   223151417   -870158032   -837623439   625749336   441673565   605292913   -966687718   -276647994   139694605   -442055424   -878398398   -308034600   549409201   124585460   332121506 
-899184243   -412386174   727529010   658660661   -996382496   942648874   -438520499   -707451043   39260855   929705444   -207147291   -404625842   -947698327   -867413105   -966146512   584225536 
16
348087936   -809391164   -425253086   -530244567   -868888078   -959243367   29303998   859015846   -244339725   291503813   162513306   -445055056   790674367   273894351   609881981   77873017 
-847748046   346958337   -461570106   -317059028   923368721   988296598   -254828806   -33782555   646243248   618834794   702970306   -655804233   902702454   296740772   -947541052   -232653343 
94381912   124100222   438721094   -261037566   -341527742   345140855   66554905   -831400191   -550169759   396983638   209011440   472267073   -329180782   489986175   970433552   -888150734 
-920198460   472208172   -639127618   -73002042   -324201152   120726508   763345278   167623605   991305582   953353406   -212686076   501915321   873559570   -51135281   232825604   726337479 
316384386   -650001184   -186969924   446290294   549623568   -802072285   322652774   -303880785   780782028   -965368760   -694894512   -202687866   832991618   250986174   -34933657   838861572 
-781962285   406481221   -953771108   340813018   785275697   888410003   -445913401   562404844   828862034   175850778   -553727725   -6116673   -860416940   -830840778   867062565   326231361 
369156198   443913489   481839653   -72231515   -620200484   -22292355   -605214726   276250910   507408228   476173043   884170009   -776253141   421933169   277642715   461773423   447576092 
865941118   517692362   554844496   -236457297   -260118083   -369506735   922289824   204136200   -805549375   -673565421   -598853422   652574896   677881981   93957859   180369208   685280448 
685280448   180369208   93957859   677881981   652574896   -598853422   -673565421   -805549375   204136200   922289824   -369506735   -260118083   -236457297   554844496   517692362   865941118 
447576092   461773423   277642715   421933169   -776253141   884170009   476173043   507408228   276250910   -605214726   -22292355   -620200484   -72231515   481839653   443913489   369156198 
326231361   867062565   -830840778   -860416940   -6116673   -553727725   175850778   828862034   562404844   -445913401   888410003   785275697   340813018   -953771108   406481221   -781962285 
838861572   -34933657   250986174   832991618   -202687866   -694894512   -965368760   780782028   -303880785   322652774   -802072285   549623568   446290294   -186969924   -650001184   316384386 
726337479   232825604   -51135281   873559570   501915321   -212686076   953353406   991305582   167623605   763345278   120726508   -324201152   -73002042   -639127618   472208172   -920198460 
-888150734   970433552   489986175   -329180782   472267073   209011440   396983638   -550169759   -831400191   66554905   345140855   -341527742   -261037566   438721094   124100222   94381912 
-232653343   -947541052   296740772   902702454   -655804233   702970306   618834794   646243248   -33782555   -254828806   988296598   923368721   -317059028   -461570106   346958337   -847748046 
77873017   609881981   273894351   790674367   -445055056   162513306   291503813   -244339725   859015846   29303998   -959243367   -868888078   -530244567   -425253086   -809391164   348087936 
17
143927162   -386718175   -882385156   336086466   835790727   377879849   414144009   62029663   408526656   252620720   -973615124   -743362825   55133484   32524145   314285353   -5786322   459088988 
-509911981   -601439509   127405077   -89546684   -522989470   -194333226   -864327298   392910912   -575422923   90287909   782253467   840513062   84469745   981680097   821692919   341748858   928555527 
581452409   52410560   704925104   -417735282   686041708   616712251   -851525441   -916155575   -953847415   -994816172   335488944   61379851   -366608209   281614214   195542701   -683157507   -321040719 
25960005   452576247   228794962   490704348   -701404006   -915883123   -754343229   -740502612   214919964   -696029124   75887102   238270046   262768105   70831435   193132970   258728152   822770453 
-37308194   -813834771   -551594876   -296277488   -133504021   635003152   293923394   -739987750   735289084   -996966856   -31573517   248488170   -238987035   87040975   -998578709   504070055   647470170 
66535455   173575415   340577341   329534230   -695488276   -571373503   -705166935   360262400   392665645   -948500760   521769835   79280780   87692745   -610769242   -627834164   -870697804   210706939 
674647704   765613322   -851138341   613663366   -571294686   -616418714   43387273   157498010   -907991067   864898185   -506200390   955615161   -869375862   347742548   -822123828   353935006   -267399365 
-898493833   247487420   -867146698   913501181   -252209689   -607607935   492927763   647518647   110022126   -512979593   771757670   58562265   596102979   -110622984   464543780   746260524   730088181 
501687657   -700589581   -346699590   -732293844   357353438   985719174   -616519265   119758594   -616372435   119758594   -616519265   985719174   357353438   -732293844   -346699590   -700589581   501687657 
730088181   746260524   464543780   -110622984   596102979   58562265   771757670   -512979593   110022126   647518647   492927763   -607607935   -252209689   913501181   -867146698   247487420   -898493833 
-267399365   353935006   -822123828   347742548   -869375862   955615161   -506200390   864898185   -907991067   157498010   43387273   -616418714   -571294686   613663366   -851138341   765613322   674647704 
210706939   -870697804   -627834164   -610769242   87692745   79280780   521769835   -948500760   392665645   360262400   -705166935   -571373503   -695488276   329534230   340577341   173575415   66535455 
647470170   504070055   -998578709   87040975   -238987035   248488170   -31573517   -996966856   735289084   -739987750   293923394   635003152   -133504021   -296277488   -551594876   -813834771   -37308194 
822770453   258728152   193132970   70831435   262768105   238270046   75887102   -696029124   214919964   -740502612   -754343229   -915883123   -701404006   490704348   228794962   452576247   25960005 
-321040719   -683157507   195542701   281614214   -366608209   61379851   335488944   -994816172   -953847415   -916155575   -851525441   616712251   686041708   -417735282   704925104   52410560   581452409 
928555527   341748858   821692919   981680097   84469745   840513062   782253467   90287909   -575422923   392910912   -864327298   -194333226   -522989470   -89546684   127405077   -601439509   -509911981 
459088988   -5786322   314285353   32524145   55133484   -743362825   -973615124   252620720   408526656   62029663   414144009   377879849   835790727   336086466   -882385156   -386718175   143927162 
17
69143732   -720036565   -237531714   -320029962   48798607   235839128   -28456471   437573332   -155770296   -479189824   335601659   273120809   829999170   -476032505   -421058314   317615291   891634706 
-713308826   18899537   -565713728   -856118532   560528435   -357839514   -819675104   736335180   72159543   -308750323   58819356   614170450   -293577548   98152578   -410716261   936309927   -775200180 
-55573340   441946550   113701980   411973527   -894457879   -68786643   -423334993   80892380   703806992   525897208   752691780   894331816   330396508   899372426   -277377140   -719067890   -724186592 
113545298   -431949076   627484806   94141735   -342281681   -685970355   -111872358   -53899146   -539996484   -70326547   575392659   32260942   643666702   396202862   330621829   223847920   -877689833 
654069052   267509540   369590249   -721896444   -881044696   8361097   -255651967   779826430   -179701103   465739756   -110025661   -30767952   -791286261   170057583   737779032   -808825937   891698708 
473876975   282590861   -49992239   954437747   67530213   254743048   556200426   215744010   -205708421   602037664   965298550   157676964   72469423   -819925034   -819252287   -614077718   -792113514 
-69638226   870586083   -492116782   -241674285   -182589949   -883072749   -411594704   71480953   -930637360   -433476385   -328405162   335013699   235439721   596253079   -190796167   -959686681   -413890805 
-771124905   -68127686   -602997790   337050137   -827257726   790027589   897899928   180598308   -735848217   -788710477   725440524   344278338   -424422525   -754711393   -895924293   994857962   89719889 
516484847   64022174   -109145502   455992762   598623755   -88077949   -151116579   -135476126   -244097952   -135476126   -151116579   -88077949   598623755   455992762   -109145502   64022174   516484847 
89719889   994857962   -895924293   -754711393   -424422525   344278338   725440524   -788710477   -735848217   180598308   897899928   790027589   -827257726   337050137   -602997790   -68127686   -771124905 
-413890805   -959686681   -190796167   596253079   235439721   335013699   -328405162   -433476385   -930637360   71480953   -411594704   -883072749   -182589949   -241674285   -492116782   870586083   -69638226 
-792113514   -614077718   -819252287   -819925034   72469423   157676964   965298550   602037664   -205708421   215744010   556200426   254743048   67530213   954437747   -49992239   282590861   473876975 
891698708   -808825937   737779032   170057583   -791286261   -30767952   -110025661   465739756   -179701103   779826430   -255651967   8361097   -881044696   -721896444   369590249   267509540   654069052 
-877689833   223847920   330621829   396202862   643666702   32260942   575392659   -70326547   -539996484   -53899146   -111872358   -685970355   -342281681   94141735   627484806   -431949076   113545298 
-724186592   -719067890   -277377140   899372426   330396508   894331816   752691780   525897208   703806992   80892380   -423334993   -68786643   -894457879   411973527   113701980   441946550   -55573340 
-775200180   936309927   -410716261   98152578   -293577548   614170450   58819356   -308750323   72159543   736335180   -819675104   -357839514   560528435   -856118532   -565713728   18899537   -713308826 
891634706   317615291   -421058314   -476032505   829999170   273120809   335601659   -479189824   -155770296   437573332   -28456471   235839128   48798607   -320029962   -237531714   -720036565   69143732 
17
-206402555   12876678   915081231   252261694   -795777412   -208144273   850932205   -669247963   -168602197   470510006   815669391   350677326   977139568   -697246767   -904627016   -508203901   -709321801 
61420176   -714815338   4529641   -679498204   -473487711   621383591   -452281402   -217938340   692866920   -63413571   -792180528   253781563   -356446574   825914529   -887181974   8961298   942906586 
461202515   -433235287   533363671   572707301   326631638   -880663765   -568229347   -184899572   571437004   653779832   -630391439   838330878   -517666453   99286448   -679507578   -880895665   -202909211 
-145057683   -728399891   529565843   801318520   841429649   752312980   -134827906   952847268   386646178   -599014064   -722777092   -827927803   -605327929   384418787   -998184734   338290383   -697722601 
-401425035   -485912153   -807301258   -725636773   -465054933   -585460520   -734678885   -370878699   168276869   -725499286   124578219   -612979473   -796188943   435899643   -100478402   -704346158   -342043876 
771151552   701943089   693100194   959057078   886272752   -105376860   -868113   965088026   597008133   941977514   -373171316   125558908   662169646   -267701402   -811095223   -116834670   568952088 
-665391527   -514855030   -660159141   -630643189   -645218970   -875428119   -352127651   -447602422   -50514844   -41527627   -548185639   959566255   -795468361   -867986748   782498003   -859730905   -20620965 
353661485   -434703801   -278574761   491639957   -146642318   897451259   530621397   512769717   -320759844   -491216278   886010618   549022700   -20879635   346584800   -82756579   618198626   709965752 
378402256   278781840   -78024202   -594845272   881219700   440512585   835967258   -498796483   -110916600   -498796483   835967258   440512585   881219700   -594845272   -78024202   278781840   378402256 
709965752   618198626   -82756579   346584800   -20879635   549022700   886010618   -491216278   -320759844   512769717   530621397   897451259   -146642318   491639957   -278574761   -434703801   353661485 
-20620965   -859730905   782498003   -867986748   -795468361   959566255   -548185639   -41527627   -50514844   -447602422   -352127651   -875428119   -645218970   -630643189   -660159141   -514855030   -665391527 
568952088   -116834670   -811095223   -267701402   662169646   125558908   -373171316   941977514   597008133   965088026   -868113   -105376860   886272752   959057078   693100194   701943089   771151552 
-342043876   -704346158   -100478402   435899643   -796188943   -612979473   124578219   -725499286   168276869   -370878699   -734678885   -585460520   -465054933   -725636773   -807301258   -485912153   -401425035 
-697722601   338290383   -998184734   384418787   -605327929   -827927803   -722777092   -599014064   386646178   952847268   -134827906   752312980   841429649   801318520   529565843   -728399891   -145057683 
-202909211   -880895665   -679507578   99286448   -517666453   838330878   -630391439   653779832   571437004   -184899572   -568229347   -880663765   326631638   572707301   533363671   -433235287   461202515 
942906586   8961298   -887181974   825914529   -356446574   253781563   -792180528   -63413571   692866920   -217938340   -452281402   621383591   -473487711   -679498204   4529641   -714815338   61420176 
-709321801   -508203901   -904627016   -697246767   977139568   350677326   815669391   470510006   -168602197   -669247963   850932205   -208144273   -795777412   252261694   915081231   12876678   -206402555 
17
870252997   858245762   -835696521   -239967226   365443460   647684426   -952291951   908376956   745796669   162773156   201083913   66940386   838853145   -702138336   105252792   492446914   -843070852 
-748931862   -661117592   124969400   491173214   14987047   -478351142   -892870635   -453999166   -946757803   -5860047   778055126   -92453346   -155649864   -209702465   -319502407   848274360   -128257256 
682150629   -798038154   283232004   -536049840   -437178969   -779764480   669320040   970847807   -538026702   -132844627   -432276426   35456880   -378925756   511503953   -259964911   -760399721   -588079419 
790113355   -635464115   -70581832   -116103961   -236416841   884606338   667850423   250753647   -430299852   528967570   911967687   757565305   923721406   246512517   -130851466   -114356211   924259513 
206772747   990690330   49757896   144220785   -410838662   295493253   -242535617   811677407   993336340   718898692   341409850   833887504   -165236079   4593384   -984716799   572039983   -496595455 
709357842   -849034816   -897086734   -377628525   -987376679   106108054   376100498   19040679   -393620802   -883195327   625496877   720362508   928514711   285073594   562466623   -846051050   -883363083 
294844882   -780943141   470857645   -838487601   779506104   -818993995   442929936   -107417091   -667175382   -452400761   429346623   -607452905   -38715919   295639985   264384701   27111185   666805306 
745780006   -630208804   186868114   -293682876   732529732   -374798841   623343822   -825747349   252682270   452247169   469499882   505751521   610688979   174803879   829395947   457813172   903695915 
937397820   -468382578   -115332686   102880123   -63414884   -431816442   -807232342   415188057   -106653886   415188057   -807232342   -431816442   -63414884   102880123   -115332686   -468382578   937397820 
903695915   457813172   829395947   174803879   610688979   505751521   469499882   452247169   252682270   -825747349   623343822   -374798841   732529732   -293682876   186868114   -630208804   745780006 
666805306   27111185   264384701   295639985   -38715919   -607452905   429346623   -452400761   -667175382   -107417091   442929936   -818993995   779506104   -838487601   470857645   -780943141   294844882 
-883363083   -846051050   562466623   285073594   928514711   720362508   625496877   -883195327   -393620802   19040679   376100498   106108054   -987376679   -377628525   -897086734   -849034816   709357842 
-496595455   572039983   -984716799   4593384   -165236079   833887504   341409850   718898692   993336340   811677407   -242535617   295493253   -410838662   144220785   49757896   990690330   206772747 
924259513   -114356211   -130851466   246512517   923721406   757565305   911967687   528967570   -430299852   250753647   667850423   884606338   -236416841   -116103961   -70581832   -635464115   790113355 
-588079419   -760399721   -259964911   511503953   -378925756   35456880   -432276426   -132844627   -538026702   970847807   669320040   -779764480   -437178969   -536049840   283232004   -798038154   682150629 
-128257256   848274360   -319502407   -209702465   -155649864   -92453346   778055126   -5860047   -946757803   -453999166   -892870635   -478351142   14987047   491173214   124969400   -661117592   -748931862 
-843070852   492446914   105252792   -702138336   838853145   66940386   201083913   162773156   745796669   908376956   -952291951   647684426   365443460   -239967226   -835696521   858245762   870252997 
-1
