17
898374902   906810809   -249249327   -577595068   -14677149   -657699954   -477006842   -544267238   482493097   436837141   954190636   521186329   798261961   -363730839   78494336   818559202   -807122734 
25105870   -991179056   -916287253   605286271   221910953   536957909   579307134   -136371921   492561202   950627737   -207058705   -753329346   -989391741   461667931   157653087   359767575   64559541 
-111511182   -73107814   -571771340   691784648   -793342310   368820802   -138721091   700589056   554471259   102019694   369538631   -674474873   -575144651   -292242089   580170303   262450561   -664019458 
-706932536   706721748   -414926840   -600588738   280259685   -233412393   -630403817   -65231577   -294981443   42908372   592588610   -834696307   727321918   911180608   146711438   -219557714   88576113 
-139346280   -654857669   -641811872   -559361147   -747526714   679383505   654600181   -199606129   360196701   -223041366   -999433993   -347021912   -373718437   -588991440   -567135738   226260173   -971302324 
286079581   671619406   38657010   -801627016   783458635   302980487   460090303   140868269   520233688   -775117231   -677863316   -225680113   405543720   919481616   945990261   352185852   -245120202 
-428055976   818095565   452294865   -73500136   801359701   260479114   103054322   356422893   637686900   -826138370   702519949   771679351   857920995   397463341   994089890   345200121   -750840364 
783684058   11347536   -198868158   839136027   -393297731   2277166   -570686082   788212096   -626083792   -14905146   774715105   239723372   310047646   -83407334   486997691   -72035078   356589490 
871535855   118535674   -860588652   -889854453   147371405   343787703   877664585   479536771   -660574146   479536771   877664585   343787703   147371405   -889854453   -860588652   118535674   871535855 
356589490   -72035078   486997691   -83407334   310047646   239723372   774715105   -14905146   -626083792   788212096   -570686082   2277166   -393297731   839136027   -198868158   11347536   783684058 
-750840364   345200121   994089890   397463341   857920995   771679351   702519949   -826138370   637686900   356422893   103054322   260479114   801359701   -73500136   452294865   818095565   -428055976 
-245120202   352185852   945990261   919481616   405543720   -225680113   -677863316   -775117231   520233688   140868269   460090303   302980487   783458635   -801627016   38657010   671619406   286079581 
-971302324   226260173   -567135738   -588991440   -373718437   -347021912   -999433993   -223041366   360196701   -199606129   654600181   679383505   -747526714   -559361147   -641811872   -654857669   -139346280 
88576113   -219557714   146711438   911180608   727321918   -834696307   592588610   42908372   -294981443   -65231577   -630403817   -233412393   280259685   -600588738   -414926840   706721748   -706932536 
-664019458   262450561   580170303   -292242089   -575144651   -674474873   369538631   102019694   554471259   700589056   -138721091   368820802   -793342310   691784648   -571771340   -73107814   -111511182 
64559541   359767575   157653087   461667931   -989391741   -753329346   -207058705   950627737   492561202   -136371921   579307134   536957909   221910953   605286271   -916287253   -991179056   25105870 
-807122734   818559202   78494336   -363730839   798261961   521186329   954190636   436837141   482493097   -544267238   -477006842   -657699954   -14677149   -577595068   -249249327   906810809   898374902 
17
-341970084   -304570053   -534833730   -322825770   -353862900   -14970834   -877758962   431107444   -842731839   981454912   -69290175   -790747547   724340612   -714344348   62558482   -299827481   850303024 
-953654527   596148285   785722714   -422065180   255597873   -533383934   -688861391   644018879   -661608066   939549658   692607368   -565121684   -745553386   374667455   846205790   -607825815   340879869 
826720787   511157021   785543421   422016076   -31298153   70773621   -992387243   -610874179   -398815293   -457441649   231566285   -897816994   43686049   59367573   -643439314   656192832   912598719 
-279921424   403007368   -588036400   -242650788   891118114   626263420   -233260145   -173095707   -379780803   -596451528   -945232199   -415283959   779353505   809120396   -112354868   926813536   783857816 
331611290   -826301586   827017056   -440235343   -171453727   -71342495   -533115202   -974945757   -681169870   -564683497   -694511649   273203459   -296941281   -34846519   -840904303   -981233016   -337089722 
292740607   293304821   -264117990   574536082   -281834124   640246552   -916150198   -145396882   -801190998   -138637898   -132436947   -65480150   -628420493   857801983   -692592797   760985081   -461101195 
-839115579   723587354   924347685   416474259   952886179   -185857472   -808261257   -692904587   -275001458   -896277911   353142463   -344434217   519222272   -914879638   809366530   -454486418   776258290 
976123773   -508977124   -497897080   -964818542   -108939251   45254215   -643831842   -215038724   344111089   -377784797   -938294580   849676874   -453821431   -616685670   -379366425   -304477521   -852965230 
-126759094   989265225   -640552632   -71960765   -601501938   531747127   -180803445   580309012   688456190   580309012   -180803445   531747127   -601501938   -71960765   -640552632   989265225   -126759094 
-852965230   -304477521   -379366425   -616685670   -453821431   849676874   -938294580   -377784797   344111089   -215038724   -643831842   45254215   -108939251   -964818542   -497897080   -508977124   976123773 
776258290   -454486418   809366530   -914879638   519222272   -344434217   353142463   -896277911   -275001458   -692904587   -808261257   -185857472   952886179   416474259   924347685   723587354   -839115579 
-461101195   760985081   -692592797   857801983   -628420493   -65480150   -132436947   -138637898   -801190998   -145396882   -916150198   640246552   -281834124   574536082   -264117990   293304821   292740607 
-337089722   -981233016   -840904303   -34846519   -296941281   273203459   -694511649   -564683497   -681169870   -974945757   -533115202   -71342495   -171453727   -440235343   827017056   -826301586   331611290 
783857816   926813536   -112354868   809120396   779353505   -415283959   -945232199   -596451528   -379780803   -173095707   -233260145   626263420   891118114   -242650788   -588036400   403007368   -279921424 
912598719   656192832   -643439314   59367573   43686049   -897816994   231566285   -457441649   -398815293   -610874179   -992387243   70773621   -31298153   422016076   785543421   511157021   826720787 
340879869   -607825815   846205790   374667455   -745553386   -565121684   692607368   939549658   -661608066   644018879   -688861391   -533383934   255597873   -422065180   785722714   596148285   -953654527 
850303024   -299827481   62558482   -714344348   724340612   -790747547   -69290175   981454912   -842731839   431107444   -877758962   -14970834   -353862900   -322825770   -534833730   -304570053   -341970084 
17
688238714   -230924664   -548123666   839199910   -600048001   -640438187   -489274463   836153765   111207225   -585801014   991852806   -373332039   918375640   -210880152   874886135   -218806464   -656867297 
299604972   -831628544   16980846   -364722446   -124039182   -634615433   177683426   -912818298   -942199525   -930809830   175271156   -34193966   -207361079   -617877842   56367500   32041892   -322310118 
844068251   -238453499   -936947167   396176694   944774180   -592588979   -921447019   -557714815   -293644582   -343667097   982436980   -939512086   376532378   -115379805   284134308   57108523   -108365416 
-900476653   448715283   676087982   -274046608   -297179905   188302054   -726282032   958926986   778225846   962020184   618604435   -63013389   542132600   208590902   780278761   765309357   122612289 
-56614241   -61034194   983114554   -759691400   -388537074   85737085   -405984476   -907269503   909765132   933903830   424794024   885554189   207782800   -399134791   791720408   -816656720   -168653232 
772326338   -630709008   980562788   507075436   39850808   1440165   455185655   -814177794   389014390   377770586   -248883676   -454364919   -970659288   -756216966   489550148   -851416638   -768114596 
448078669   450210469   -367035907   -126446534   -117860452   -231427922   693254345   -794562733   122589711   -527091455   136486763   447383699   333417835   821551253   118960909   -542317696   183308800 
541196392   -198397410   750135376   -463820946   -366560538   787160203   766167917   611719958   -256246291   114285310   487238324   539976785   438075378   711248378   -157806335   672192387   855799050 
331430839   -30818202   -355887487   -3628370   940359265   641499230   -553453958   -425164519   110707979   -425164519   -553453958   641499230   940359265   -3628370   -355887487   -30818202   331430839 
855799050   672192387   -157806335   711248378   438075378   539976785   487238324   114285310   -256246291   611719958   766167917   787160203   -366560538   -463820946   750135376   -198397410   541196392 
183308800   -542317696   118960909   821551253   333417835   447383699   136486763   -527091455   122589711   -794562733   693254345   -231427922   -117860452   -126446534   -367035907   450210469   448078669 
-768114596   -851416638   489550148   -756216966   -970659288   -454364919   -248883676   377770586   389014390   -814177794   455185655   1440165   39850808   507075436   980562788   -630709008   772326338 
-168653232   -816656720   791720408   -399134791   207782800   885554189   424794024   933903830   909765132   -907269503   -405984476   85737085   -388537074   -759691400   983114554   -61034194   -56614241 
122612289   765309357   780278761   208590902   542132600   -63013389   618604435   962020184   778225846   958926986   -726282032   188302054   -297179905   -274046608   676087982   448715283   -900476653 
-108365416   57108523   284134308   -115379805   376532378   -939512086   982436980   -343667097   -293644582   -557714815   -921447019   -592588979   944774180   396176694   -936947167   -238453499   844068251 
-322310118   32041892   56367500   -617877842   -207361079   -34193966   175271156   -930809830   -942199525   -912818298   177683426   -634615433   -124039182   -364722446   16980846   -831628544   299604972 
-656867297   -218806464   874886135   -210880152   918375640   -373332039   991852806   -585801014   111207225   836153765   -489274463   -640438187   -600048001   839199910   -548123666   -230924664   688238714 
17
-440472515   -628415308   114879380   -552893621   -12895523   -804654188   353740515   271828596   757566239   -806021508   -771571327   946631828   -2865870   695734664   -525220224   447699395   51733295 
-122606199   -67423188   406891195   -220312958   688658383   -226779385   205177790   669290747   830196892   -368138614   804621672   201782741   240254618   -391736465   954255979   794526693   971293395 
-259056587   110838017   699200371   -584545538   574321519   -214603925   18846295   -85325749   160747609   254275562   -52639587   471270878   956884566   480791893   436385363   561416145   -92283978 
999387406   294716251   -453714961   -962637779   965243935   -192173427   -970562256   394478030   -842623539   -200863630   446071910   -447152465   -117183657   517495379   -679606789   533875384   946630845 
-448692935   869367583   644828273   -406010615   -373387966   -52410557   403650952   -917652917   148646941   229933595   121907736   -325694801   864604398   868523789   894437307   -755791616   -159717503 
-26375873   -449711389   -749561360   112968069   -486810202   -27433356   765936012   285562991   -503128870   -725803308   -953946920   168389   -526858296   624871021   -705725449   -892036237   -980722174 
-704448193   485747953   -430807491   -60207267   562808913   -283138504   -748370052   270448763   517013947   -920922200   621653193   -399635495   76512541   52756830   -629144674   132073235   575857126 
-667561645   651531483   -108399182   320909240   -213947459   -288886063   337429345   -68429032   -517640076   35217681   518795298   883687314   -297908428   -398851590   908460659   -945020800   777766208 
-696777174   -622441021   -371453372   -497947833   70805574   -362053629   43986950   -222923218   473196749   -222923218   43986950   -362053629   70805574   -497947833   -371453372   -622441021   -696777174 
777766208   -945020800   908460659   -398851590   -297908428   883687314   518795298   35217681   -517640076   -68429032   337429345   -288886063   -213947459   320909240   -108399182   651531483   -667561645 
575857126   132073235   -629144674   52756830   76512541   -399635495   621653193   -920922200   517013947   270448763   -748370052   -283138504   562808913   -60207267   -430807491   485747953   -704448193 
-980722174   -892036237   -705725449   624871021   -526858296   168389   -953946920   -725803308   -503128870   285562991   765936012   -27433356   -486810202   112968069   -749561360   -449711389   -26375873 
-159717503   -755791616   894437307   868523789   864604398   -325694801   121907736   229933595   148646941   -917652917   403650952   -52410557   -373387966   -406010615   644828273   869367583   -448692935 
946630845   533875384   -679606789   517495379   -117183657   -447152465   446071910   -200863630   -842623539   394478030   -970562256   -192173427   965243935   -962637779   -453714961   294716251   999387406 
-92283978   561416145   436385363   480791893   956884566   471270878   -52639587   254275562   160747609   -85325749   18846295   -214603925   574321519   -584545538   699200371   110838017   -259056587 
971293395   794526693   954255979   -391736465   240254618   201782741   804621672   -368138614   830196892   669290747   205177790   -226779385   688658383   -220312958   406891195   -67423188   -122606199 
51733295   447699395   -525220224   695734664   -2865870   946631828   -771571327   -806021508   757566239   271828596   353740515   -804654188   -12895523   -552893621   114879380   -628415308   -440472515 
17
210170697   628083690   160463411   157378991   -689965808   560007542   18603917   638490879   -946478198   -99453632   -641599090   -204794247   -910092887   580534721   -978339805   -787389295   377350917 
495217637   539429481   752279957   215349338   -498665867   609631917   551834915   29066044   745168118   868154388   596832149   184001139   86742864   -499581824   432887570   -916476250   610620179 
-952608099   -212200162   805930443   709424575   816133319   -121849266   -479827253   326189473   684558990   -133326488   -304783795   -775407024   -684447307   -229441322   453606846   -159279173   -17807520 
-743811787   -223924782   879255953   -707629764   -108419033   911983133   132771673   521271830   -55335383   -852212985   -772361769   -130057328   816465044   -558570466   521101981   220159812   -781954131 
197891432   369939367   -627579862   -211579772   459538406   -795688350   557521048   -815598520   -414534642   23626733   515538867   -810466195   595901712   -521330731   925272262   956214507   322741574 
-91237681   908326751   -391767758   857663731   455469003   -719895627   958672953   -127901163   750369687   -258667157   -870434455   -974610730   -399453772   -654859662   983771172   -110370777   959433971 
-903125286   -196378421   -652197126   549353471   72434788   -656386708   630386183   526262838   684929980   -467906547   -601728627   -854658628   -749602412   908163928   803126227   -12947478   -297444906 
-805988052   -128392412   432316224   23616459   -766716779   875861677   -754670155   -839976654   -859190403   -513506558   616276002   -29357476   133388537   531259536   769462108   -26338276   -754921066 
-488404434   -821773739   -153342214   -928128209   -590798953   -183206063   -875891367   893829838   923172823   893829838   -875891367   -183206063   -590798953   -928128209   -153342214   -821773739   -488404434 
-754921066   -26338276   769462108   531259536   133388537   -29357476   616276002   -513506558   -859190403   -839976654   -754670155   875861677   -766716779   23616459   432316224   -128392412   -805988052 
-297444906   -12947478   803126227   908163928   -749602412   -854658628   -601728627   -467906547   684929980   526262838   630386183   -656386708   72434788   549353471   -652197126   -196378421   -903125286 
959433971   -110370777   983771172   -654859662   -399453772   -974610730   -870434455   -258667157   750369687   -127901163   958672953   -719895627   455469003   857663731   -391767758   908326751   -91237681 
322741574   956214507   925272262   -521330731   595901712   -810466195   515538867   23626733   -414534642   -815598520   557521048   -795688350   459538406   -211579772   -627579862   369939367   197891432 
-781954131   220159812   521101981   -558570466   816465044   -130057328   -772361769   -852212985   -55335383   521271830   132771673   911983133   -108419033   -707629764   879255953   -223924782   -743811787 
-17807520   -159279173   453606846   -229441322   -684447307   -775407024   -304783795   -133326488   684558990   326189473   -479827253   -121849266   816133319   709424575   805930443   -212200162   -952608099 
610620179   -916476250   432887570   -499581824   86742864   184001139   596832149   868154388   745168118   29066044   551834915   609631917   -498665867   215349338   752279957   539429481   495217637 
377350917   -787389295   -978339805   580534721   -910092887   -204794247   -641599090   -99453632   -946478198   638490879   18603917   560007542   -689965808   157378991   160463411   628083690   210170697 
17
488368327   -592596942   544183908   421762853   -998151877   -676161882   382865802   262364588   165427683   -126701164   -291691137   -544921277   -952733189   621239417   674349750   372997313   -911369839 
-53610125   960482529   73292096   754142660   -506280216   -509376737   -261968771   326214098   108669931   -130919590   -8315212   -173785600   -401029848   618014764   621428851   -913464769   443193561 
445274241   64831875   -89064197   -700462212   844912306   -503326521   313250260   396400193   737140020   267309487   854864230   192207853   -967985977   2115281   244014582   -418728305   521865862 
-500509628   104040032   -270412689   230608409   -844739039   -416772443   155781093   361556564   -95738516   -397055251   270444135   375232343   496289240   -27647760   206858816   434039973   48534460 
-810851640   524230298   43340824   900904249   376620162   -475753281   363670149   666373238   -558082614   125475661   -597627056   318632698   747421556   272162625   -279254482   226017826   -723992867 
8993132   543120367   346172216   -898037702   -200699272   -814758741   743858902   -327355808   -854896813   110502307   461969704   -945358677   -933729539   -386105148   -203564172   854522255   -334493982 
598229178   -515562287   -602501339   524442176   79660636   -825515037   725651160   -18843550   49494061   -587416605   155491916   -525373810   842606404   -784484016   119999068   -471491912   526331850 
929872447   539598083   -692673667   -831368822   768418800   65348876   393939427   905541496   -342870493   -715545217   -511391720   -157164436   473204015   -88860626   120636145   311415781   708904371 
150647093   525242795   113860112   -599503315   -541536600   117559188   923157   309552279   456578119   309552279   923157   117559188   -541536600   -599503315   113860112   525242795   150647093 
708904371   311415781   120636145   -88860626   473204015   -157164436   -511391720   -715545217   -342870493   905541496   393939427   65348876   768418800   -831368822   -692673667   539598083   929872447 
526331850   -471491912   119999068   -784484016   842606404   -525373810   155491916   -587416605   49494061   -18843550   725651160   -825515037   79660636   524442176   -602501339   -515562287   598229178 
-334493982   854522255   -203564172   -386105148   -933729539   -945358677   461969704   110502307   -854896813   -327355808   743858902   -814758741   -200699272   -898037702   346172216   543120367   8993132 
-723992867   226017826   -279254482   272162625   747421556   318632698   -597627056   125475661   -558082614   666373238   363670149   -475753281   376620162   900904249   43340824   524230298   -810851640 
48534460   434039973   206858816   -27647760   496289240   375232343   270444135   -397055251   -95738516   361556564   155781093   -416772443   -844739039   230608409   -270412689   104040032   -500509628 
521865862   -418728305   244014582   2115281   -967985977   192207853   854864230   267309487   737140020   396400193   313250260   -503326521   844912306   -700462212   -89064197   64831875   445274241 
443193561   -913464769   621428851   618014764   -401029848   -173785600   -8315212   -130919590   108669931   326214098   -261968771   -509376737   -506280216   754142660   73292096   960482529   -53610125 
-911369839   372997313   674349750   621239417   -952733189   -544921277   -291691137   -126701164   165427683   262364588   382865802   -676161882   -998151877   421762853   544183908   -592596942   488368327 
17
820786213   -51505254   -611284857   947507808   -182283819   -654849246   247189078   756280306   525900528   -487912247   -612030597   -633516821   -185373117   912677737   650650803   -860284672   18442090 
590884714   -272956076   -19808450   162511455   -133672439   -234518436   -376442022   299842795   16015550   968200407   420534758   -385964138   254425781   -676767646   -238696049   -804965769   -344359126 
-814967995   141295700   -972269902   257209558   -916162017   133318217   -739047810   117880677   -903979283   332545252   -253932849   -829184708   60774310   -333016995   762599186   -470255645   -615044163 
606791958   692217698   -274861953   354980297   847247245   -99556131   -323450939   -792820470   -20326670   777395135   -447883172   -601915579   -15391465   615914517   606289639   942090457   -503476182 
-945792167   -746819933   -935465479   -825781945   121166444   -869632013   339356371   -2880482   717908415   53116519   526233245   -917963261   -737726573   -776395356   731505951   -129575362   -880091728 
-600247893   -965392704   536700025   165246290   5635480   -499514036   -964089755   19754515   -735321001   -322490583   942115979   84098915   356755525   600642787   738283741   808721695   -846589483 
933665219   -727851038   -73321776   -910308784   -446966870   -257406483   -937400413   788380736   978364640   177868182   -139883318   -368751115   183036945   -347033898   -499463612   -378096187   701929833 
414523793   -631999753   525916681   203335705   -145966447   94054555   -939004026   -261088275   382140561   -779166637   -644332449   -471749622   658790930   331902908   -745506456   459380641   -667858458 
-413324871   240257845   -701060243   -822250990   887222351   -100563743   827274622   715746561   -625351442   715746561   827274622   -100563743   887222351   -822250990   -701060243   240257845   -413324871 
-667858458   459380641   -745506456   331902908   658790930   -471749622   -644332449   -779166637   382140561   -261088275   -939004026   94054555   -145966447   203335705   525916681   -631999753   414523793 
701929833   -378096187   -499463612   -347033898   183036945   -368751115   -139883318   177868182   978364640   788380736   -937400413   -257406483   -446966870   -910308784   -73321776   -727851038   933665219 
-846589483   808721695   738283741   600642787   356755525   84098915   942115979   -322490583   -735321001   19754515   -964089755   -499514036   5635480   165246290   536700025   -965392704   -600247893 
-880091728   -129575362   731505951   -776395356   -737726573   -917963261   526233245   53116519   717908415   -2880482   339356371   -869632013   121166444   -825781945   -935465479   -746819933   -945792167 
-503476182   942090457   606289639   615914517   -15391465   -601915579   -447883172   777395135   -20326670   -792820470   -323450939   -99556131   847247245   354980297   -274861953   692217698   606791958 
-615044163   -470255645   762599186   -333016995   60774310   -829184708   -253932849   332545252   -903979283   117880677   -739047810   133318217   -916162017   257209558   -972269902   141295700   -814967995 
-344359126   -804965769   -238696049   -676767646   254425781   -385964138   420534758   968200407   16015550   299842795   -376442022   -234518436   -133672439   162511455   -19808450   -272956076   590884714 
18442090   -860284672   650650803   912677737   -185373117   -633516821   -612030597   -487912247   525900528   756280306   247189078   -654849246   -182283819   947507808   -611284857   -51505254   820786213 
17
3494146   -438956553   -325186128   -30550036   -210387209   493673872   -926243949   425297119   820814595   -992746225   -892108406   649239376   80538331   957748712   842519137   872162937   -613583364 
-329243579   -648522352   207523945   119846367   -936614036   -46957505   827042974   -783772028   -806298550   494481423   -918036963   489434482   -51743141   -679459990   -999687309   423563851   -664449785 
-818979540   655283204   -942878651   -340966588   -344453170   497345097   814536525   -93023994   489126844   110004975   908081925   92321366   398240989   883446868   899360613   -810471304   -801425730 
83098231   859094188   -827937347   -298716557   -182819171   -988370897   -682739736   918210639   382715185   32954055   -456948779   -27141887   967097264   -262295841   697945557   619128646   -916207197 
-34309430   -705156337   -388354034   -689393833   -486975157   367206814   -853700155   -685444071   654001516   -193075099   -203552815   328936333   -875261578   565707995   -293038724   -687833367   -782945525 
-442097698   -735588331   684937897   -169134639   -183761109   903304272   -789425517   959441459   -331452986   -526661736   -542029242   -943669569   -741488350   -363780048   532006705   -60015969   339758746 
313372284   -842088301   51271849   -11497641   -272601563   973543701   -641233340   -788412770   648537260   906520996   -327943426   -495680055   -67550781   402689323   -441279862   966530195   560533916 
412051755   -668562357   -885655519   -770055141   146045491   -966584024   -796995599   -493775168   382779994   -209128083   26155329   900626320   673034663   -552047089   -600976710   -583586120   -389713587 
651399137   -347476740   -636834544   -637690943   626160538   918282137   -794219405   679968769   -217083858   679968769   -794219405   918282137   626160538   -637690943   -636834544   -347476740   651399137 
-389713587   -583586120   -600976710   -552047089   673034663   900626320   26155329   -209128083   382779994   -493775168   -796995599   -966584024   146045491   -770055141   -885655519   -668562357   412051755 
560533916   966530195   -441279862   402689323   -67550781   -495680055   -327943426   906520996   648537260   -788412770   -641233340   973543701   -272601563   -11497641   51271849   -842088301   313372284 
339758746   -60015969   532006705   -363780048   -741488350   -943669569   -542029242   -526661736   -331452986   959441459   -789425517   903304272   -183761109   -169134639   684937897   -735588331   -442097698 
-782945525   -687833367   -293038724   565707995   -875261578   328936333   -203552815   -193075099   654001516   -685444071   -853700155   367206814   -486975157   -689393833   -388354034   -705156337   -34309430 
-916207197   619128646   697945557   -262295841   967097264   -27141887   -456948779   32954055   382715185   918210639   -682739736   -988370897   -182819171   -298716557   -827937347   859094188   83098231 
-801425730   -810471304   899360613   883446868   398240989   92321366   908081925   110004975   489126844   -93023994   814536525   497345097   -344453170   -340966588   -942878651   655283204   -818979540 
-664449785   423563851   -999687309   -679459990   -51743141   489434482   -918036963   494481423   -806298550   -783772028   827042974   -46957505   -936614036   119846367   207523945   -648522352   -329243579 
-613583364   872162937   842519137   957748712   80538331   649239376   -892108406   -992746225   820814595   425297119   -926243949   493673872   -210387209   -30550036   -325186128   -438956553   3494146 
17
-515623749   563251483   171511710   344897725   600145042   574664537   311884431   -720980463   -737937624   -510714665   -983235301   251601257   568318158   25926060   -746625849   -933425477   123835165 
14005241   218784252   210047808   785626396   -175726374   -387711531   -768308316   774358514   534490781   12639871   497310340   -907091988   55623693   -166376266   178386692   -403024437   -100389181 
413347392   232375929   874942732   40778040   -794216238   -494675354   241469600   -456941530   -515358766   -10055263   270796970   -271064646   944570948   -622877617   -183053054   -516365930   -231904582 
-450601049   649798088   429599193   -328859831   -990453308   419396131   801800355   789473684   -562115917   -273041555   -228470685   -220033992   -5556028   758024898   -1208146   656284395   923306087 
527902430   573181507   -516248424   -366338871   -897596361   416766774   -284158187   -857274997   -487686044   -394744483   -118680206   575168782   -445081488   26493396   -707139048   187561500   951182642 
727130012   -695518622   50577359   -319837050   -256222178   -294161187   -56153353   306747087   -580371227   739489898   -116906142   436180785   150926614   984476846   -612999558   -270816245   452937605 
-542291567   -308347690   649601667   824126359   668512813   637167486   326032735   -619075530   -896358722   -228848967   -223599359   -481343349   -23973884   149016384   195587567   190238345   241764578 
461472527   900233965   763656792   -567318221   53719277   -586205615   285350105   -393051574   223956992   881357477   946608919   -764954045   -906906449   -929650357   -338347449   29212667   804938227 
-597898391   557861056   -720101807   -102510267   427086503   753238058   -257737938   848021165   966237666   848021165   -257737938   753238058   427086503   -102510267   -720101807   557861056   -597898391 
804938227   29212667   -338347449   -929650357   -906906449   -764954045   946608919   881357477   223956992   -393051574   285350105   -586205615   53719277   -567318221   763656792   900233965   461472527 
241764578   190238345   195587567   149016384   -23973884   -481343349   -223599359   -228848967   -896358722   -619075530   326032735   637167486   668512813   824126359   649601667   -308347690   -542291567 
452937605   -270816245   -612999558   984476846   150926614   436180785   -116906142   739489898   -580371227   306747087   -56153353   -294161187   -256222178   -319837050   50577359   -695518622   727130012 
951182642   187561500   -707139048   26493396   -445081488   575168782   -118680206   -394744483   -487686044   -857274997   -284158187   416766774   -897596361   -366338871   -516248424   573181507   527902430 
923306087   656284395   -1208146   758024898   -5556028   -220033992   -228470685   -273041555   -562115917   789473684   801800355   419396131   -990453308   -328859831   429599193   649798088   -450601049 
-231904582   -516365930   -183053054   -622877617   944570948   -271064646   270796970   -10055263   -515358766   -456941530   241469600   -494675354   -794216238   40778040   874942732   232375929   413347392 
-100389181   -403024437   178386692   -166376266   55623693   -907091988   497310340   12639871   534490781   774358514   -768308316   -387711531   -175726374   785626396   210047808   218784252   14005241 
123835165   -933425477   -746625849   25926060   568318158   251601257   -983235301   -510714665   -737937624   -720980463   311884431   574664537   600145042   344897725   171511710   563251483   -515623749 
17
-612745804   -626101108   902997455   -991901585   -698290887   -589257042   433323792   458538287   -431085029   538403286   983219706   635924224   -732739625   627504398   -775455466   573947177   -102933743 
845380945   -789538485   -317676612   -813952846   -537943736   359257585   -388200271   672190549   377900500   326062330   813090785   641982049   -277505680   912329742   552085087   204481541   -511641741 
383047600   -802135047   -89452502   -607513553   -465495303   650563851   -772933609   -368189516   -420612560   -485528869   -518793835   -742447772   -461345980   -92201888   -448970910   -126632805   314736286 
-273912169   -578208033   403327352   198738881   -780522925   961688966   -600280670   -392637040   -239443337   -883083817   781802128   -480487158   747427246   303452263   537435018   -278391219   -673414244 
-374581387   973277759   897257656   951760253   269705884   -310277223   56056151   255770429   -780913818   -400095112   356524758   -537728240   -549727253   -257138081   51352840   -533760633   -338561516 
256052462   438577125   664537448   563836295   756346410   637842957   380791187   832005753   292170103   -209649151   848897398   289520789   493775726   35384415   -458936746   -9762639   543476333 
860436957   651429879   -992067083   666303377   397144255   -589140355   -432160616   687386590   -458275223   875698009   585262806   -84905785   -777108281   -222023819   -54183331   116652576   982793396 
-775891654   974188021   25622847   -802327979   -61804464   517881967   -180297058   -544088738   -443213724   351119211   -493688022   790439804   -869979832   -46458043   -378797376   268202189   -558254567 
300940458   495387811   -104670912   -460543569   328241341   -487122389   765634020   113964542   357712945   113964542   765634020   -487122389   328241341   -460543569   -104670912   495387811   300940458 
-558254567   268202189   -378797376   -46458043   -869979832   790439804   -493688022   351119211   -443213724   -544088738   -180297058   517881967   -61804464   -802327979   25622847   974188021   -775891654 
982793396   116652576   -54183331   -222023819   -777108281   -84905785   585262806   875698009   -458275223   687386590   -432160616   -589140355   397144255   666303377   -992067083   651429879   860436957 
543476333   -9762639   -458936746   35384415   493775726   289520789   848897398   -209649151   292170103   832005753   380791187   637842957   756346410   563836295   664537448   438577125   256052462 
-338561516   -533760633   51352840   -257138081   -549727253   -537728240   356524758   -400095112   -780913818   255770429   56056151   -310277223   269705884   951760253   897257656   973277759   -374581387 
-673414244   -278391219   537435018   303452263   747427246   -480487158   781802128   -883083817   -239443337   -392637040   -600280670   961688966   -780522925   198738881   403327352   -578208033   -273912169 
314736286   -126632805   -448970910   -92201888   -461345980   -742447772   -518793835   -485528869   -420612560   -368189516   -772933609   650563851   -465495303   -607513553   -89452502   -802135047   383047600 
-511641741   204481541   552085087   912329742   -277505680   641982049   813090785   326062330   377900500   672190549   -388200271   359257585   -537943736   -813952846   -317676612   -789538485   845380945 
-102933743   573947177   -775455466   627504398   -732739625   635924224   983219706   538403286   -431085029   458538287   433323792   -589257042   -698290887   -991901585   902997455   -626101108   -612745804 
-1
