17
-478013394   -805660549   211596683   -35753232   -733399356   442682771   51791323   882133490   -980326233   -412442328   692537872   -221002826   -726245795   -864128353   370048595   -751475551   -384746828 
705534259   962552525   252161659   308956187   768230173   289205108   -162645257   599574521   42205482   684427564   -522945680   -358958536   -377658118   -945830893   -169652810   -196967151   497718136 
671499766   118973771   -662883511   -125900069   452347359   -175628153   86524970   630408930   -486233747   778049201   974921275   -568619803   762801694   -994890830   721792353   193113957   -515115516 
-126243707   -283018112   262323944   -135063936   -242051995   303060698   493930903   603403237   980605406   -165390900   193578175   913469623   199719889   -935934465   -163576348   -386586090   618237129 
-634337049   269009102   907450492   466723038   396218671   -72487443   -765499742   296366393   -917160057   456866744   -546745990   423127315   -168171226   -591971441   -318757046   169976541   69127792 
-476311270   -962709222   -592911874   679113915   -355852684   30576567   999303949   -707155356   23691798   373401612   920728336   502481502   504273738   -956840348   251554981   -622382173   321909532 
308828595   -945285434   181833868   -760509687   -716321981   48204065   -695159530   449585372   883485002   850883341   -216033723   -194358183   91308034   -266969885   106371795   -462123490   -564208920 
383964718   -224618503   471078053   621061138   249383805   -930449030   742417796   760894394   -833591529   -735123490   246268127   -208311919   -63554854   182212842   817725565   -689365946   -283202714 
116232733   -978386941   153146493   557843489   43954368   -888747732   377579379   -739239696   102782463   -739239696   377579379   -888747732   43954368   557843489   153146493   -978386941   116232733 
-283202714   -689365946   817725565   182212842   -63554854   -208311919   246268127   -735123490   -833591529   760894394   742417796   -930449030   249383805   621061138   471078053   -224618503   383964718 
-564208920   -462123490   106371795   -266969885   91308034   -194358183   -216033723   850883341   883485002   449585372   -695159530   48204065   -716321981   -760509687   181833868   -945285434   308828595 
321909532   -622382173   251554981   -956840348   504273738   502481502   920728336   373401612   23691798   -707155356   999303949   30576567   -355852684   679113915   -592911874   -962709222   -476311270 
69127792   169976541   -318757046   -591971441   -168171226   423127315   -546745990   456866744   -917160057   296366393   -765499742   -72487443   396218671   466723038   907450492   269009102   -634337049 
618237129   -386586090   -163576348   -935934465   199719889   913469623   193578175   -165390900   980605406   603403237   493930903   303060698   -242051995   -135063936   262323944   -283018112   -126243707 
-515115516   193113957   721792353   -994890830   762801694   -568619803   974921275   778049201   -486233747   630408930   86524970   -175628153   452347359   -125900069   -662883511   118973771   671499766 
497718136   -196967151   -169652810   -945830893   -377658118   -358958536   -522945680   684427564   42205482   599574521   -162645257   289205108   768230173   308956187   252161659   962552525   705534259 
-384746828   -751475551   370048595   -864128353   -726245795   -221002826   692537872   -412442328   -980326233   882133490   51791323   442682771   -733399356   -35753232   211596683   -805660549   -478013394 
17
698246473   -8601305   -987690976   698576451   -620584183   130415993   758709108   179448264   906412693   -439394108   -286709070   -581557221   496630993   338532361   8789276   49130210   584528414 
-814095929   468939458   415072994   -365564384   -54209478   17205400   -751354999   -483315837   -414263662   867490936   -462750886   -373080102   -972438769   112524794   685821980   -761601614   -118954050 
-298459017   -923597505   843300854   -236583390   -206972119   867054304   -531037845   -594219347   -766409211   648984999   704585293   63556917   647634743   522744827   307079879   -666859101   925130702 
352272350   -67659964   310556718   841922735   -495562892   -900751506   412588293   411013789   -629682057   928626101   -219808784   -804768575   904263810   -296459003   907518273   -967279942   90479621 
-964354739   887464280   -59663178   244587022   46302329   110056000   941088469   922392310   670115230   754600067   176892185   -51284748   -880515491   -719909756   -876535478   213095841   -57661005 
242859853   -822714158   -65191947   612845027   -679004232   932855872   -146145984   -680439781   -15485399   8890275   556418315   378385534   -379466542   -607155916   254192807   -721893792   840266229 
-612786800   567046837   615035955   -165517919   247781256   969713332   523265113   585567027   -807286445   887734751   997956527   -865514997   -926366372   117818685   -206647567   -753454121   -437812185 
832316663   -26432506   -809341931   787995925   899924577   790828991   -239983107   -130967876   723374575   -73610936   678242973   -348444574   161503346   -539006604   496044160   -187039893   -430162598 
-528190698   -766859767   364832148   -773160736   -721196122   11136274   221109095   -362433307   539260822   -362433307   221109095   11136274   -721196122   -773160736   364832148   -766859767   -528190698 
-430162598   -187039893   496044160   -539006604   161503346   -348444574   678242973   -73610936   723374575   -130967876   -239983107   790828991   899924577   787995925   -809341931   -26432506   832316663 
-437812185   -753454121   -206647567   117818685   -926366372   -865514997   997956527   887734751   -807286445   585567027   523265113   969713332   247781256   -165517919   615035955   567046837   -612786800 
840266229   -721893792   254192807   -607155916   -379466542   378385534   556418315   8890275   -15485399   -680439781   -146145984   932855872   -679004232   612845027   -65191947   -822714158   242859853 
-57661005   213095841   -876535478   -719909756   -880515491   -51284748   176892185   754600067   670115230   922392310   941088469   110056000   46302329   244587022   -59663178   887464280   -964354739 
90479621   -967279942   907518273   -296459003   904263810   -804768575   -219808784   928626101   -629682057   411013789   412588293   -900751506   -495562892   841922735   310556718   -67659964   352272350 
925130702   -666859101   307079879   522744827   647634743   63556917   704585293   648984999   -766409211   -594219347   -531037845   867054304   -206972119   -236583390   843300854   -923597505   -298459017 
-118954050   -761601614   685821980   112524794   -972438769   -373080102   -462750886   867490936   -414263662   -483315837   -751354999   17205400   -54209478   -365564384   415072994   468939458   -814095929 
584528414   49130210   8789276   338532361   496630993   -581557221   -286709070   -439394108   906412693   179448264   758709108   130415993   -620584183   698576451   -987690976   -8601305   698246473 
17
243963260   -774521740   -709767452   -895341462   -529031954   -858034671   -754983363   -806350574   -699438100   662618308   -260781176   874523809   -5098466   -181161445   -315861135   -780669997   -132917714 
-475858121   988917345   190391575   -647584128   159855403   748323035   -205308318   -640599713   -448363160   741450214   866221334   379499351   973774655   104497711   222288430   -400809234   -153028949 
76532469   -357944017   287805874   10509196   294064565   921849301   -99496174   36481821   -274843167   838992683   -866472651   898305084   -243339368   212778508   -648776320   543731366   -195646470 
900384560   862343194   -744120894   720875717   505659700   -5431098   367481707   -894938440   350483101   -502047216   -165214889   920402570   -760338539   432682615   -787172774   -827159731   -748884719 
-846259390   166850776   248993928   -54552294   -631614889   974464771   469398343   334356239   -241678290   -879085146   381533040   397718593   -931785181   -863030659   453407488   329113175   947760569 
-141711439   -813167880   -965257137   -713713881   608269978   843856760   -965927272   42279192   -197724451   -70451150   797778604   852621678   -398520478   87983661   -920828474   967645425   -795436221 
-579145029   63502165   -142884590   -115263756   -530980300   -759906319   821974027   27468329   506056247   590786819   181115564   838297883   638593491   -267519529   190145607   -503161976   -550134293 
-97583847   -16760038   -39137336   216443466   792913864   55290192   -313140451   291198689   -365276380   -361946870   -931629796   687983727   -888224756   636324609   966761618   -133861819   -705410080 
315636112   586129902   973022150   943004790   350984645   -236884260   -215010935   -704749189   -759097965   -704749189   -215010935   -236884260   350984645   943004790   973022150   586129902   315636112 
-705410080   -133861819   966761618   636324609   -888224756   687983727   -931629796   -361946870   -365276380   291198689   -313140451   55290192   792913864   216443466   -39137336   -16760038   -97583847 
-550134293   -503161976   190145607   -267519529   638593491   838297883   181115564   590786819   506056247   27468329   821974027   -759906319   -530980300   -115263756   -142884590   63502165   -579145029 
-795436221   967645425   -920828474   87983661   -398520478   852621678   797778604   -70451150   -197724451   42279192   -965927272   843856760   608269978   -713713881   -965257137   -813167880   -141711439 
947760569   329113175   453407488   -863030659   -931785181   397718593   381533040   -879085146   -241678290   334356239   469398343   974464771   -631614889   -54552294   248993928   166850776   -846259390 
-748884719   -827159731   -787172774   432682615   -760338539   920402570   -165214889   -502047216   350483101   -894938440   367481707   -5431098   505659700   720875717   -744120894   862343194   900384560 
-195646470   543731366   -648776320   212778508   -243339368   898305084   -866472651   838992683   -274843167   36481821   -99496174   921849301   294064565   10509196   287805874   -357944017   76532469 
-153028949   -400809234   222288430   104497711   973774655   379499351   866221334   741450214   -448363160   -640599713   -205308318   748323035   159855403   -647584128   190391575   988917345   -475858121 
-132917714   -780669997   -315861135   -181161445   -5098466   874523809   -260781176   662618308   -699438100   -806350574   -754983363   -858034671   -529031954   -895341462   -709767452   -774521740   243963260 
18
-277634728   753991130   -450168716   -990068672   371369004   850677709   947671183   853271137   598199651   676741581   -896968571   -364874267   -646197943   -119715455   -1240779   977345880   -956843550   -107673215 
-188862337   -821797122   574895440   -234837012   -832481542   -548376547   -166418921   563181684   440599984   543957786   -831659205   -507117884   879735030   -358563866   -652766903   45691328   481793896   -613760081 
170280561   -817673563   -585892735   -690395496   -884972015   950852800   -674321399   729398850   -900648597   -702361531   190316079   372753673   830420129   885544709   243308563   -518918022   946110617   501003091 
-957017514   -813135200   831372499   -971959980   2592793   -769693563   -998065604   849381538   -38345525   64268687   -157359993   -822902124   -782647081   -924310501   -987584903   -410053602   -703698810   549951856 
-690329324   682299113   -307408258   602043593   5331143   -252719612   938608222   972834900   -917077234   -62077778   426855762   -991105600   -853832604   949613612   106601114   605341693   -330203145   -743699389 
145043710   315217573   560851858   83904333   -589534811   74963762   -13809027   -605814557   -714006597   730597859   296745614   -814229849   181110766   -426018531   -241225970   -774235065   -849787976   -482848599 
-380923577   -782899643   855958303   -354249674   -776926468   278897659   983219666   -84163422   23362684   26377129   499720950   -508356226   926082698   998701842   -387042836   -395726558   289170737   -468171011 
506045385   -295723482   424186657   -394904288   -629348359   -272782864   -778865789   -516152511   -393102537   -384649227   -164357881   265406557   -13367602   -742996140   593527601   -217316614   315493339   280018039 
-586195982   -836324679   850537457   -28070016   -720200383   -126143448   464832807   963580147   -723741044   165515464   19232809   -60228753   -133365420   827902849   -933123842   434936504   424582452   894430182 
894430182   424582452   434936504   -933123842   827902849   -133365420   -60228753   19232809   165515464   -723741044   963580147   464832807   -126143448   -720200383   -28070016   850537457   -836324679   -586195982 
280018039   315493339   -217316614   593527601   -742996140   -13367602   265406557   -164357881   -384649227   -393102537   -516152511   -778865789   -272782864   -629348359   -394904288   424186657   -295723482   506045385 
-468171011   289170737   -395726558   -387042836   998701842   926082698   -508356226   499720950   26377129   23362684   -84163422   983219666   278897659   -776926468   -354249674   855958303   -782899643   -380923577 
-482848599   -849787976   -774235065   -241225970   -426018531   181110766   -814229849   296745614   730597859   -714006597   -605814557   -13809027   74963762   -589534811   83904333   560851858   315217573   145043710 
-743699389   -330203145   605341693   106601114   949613612   -853832604   -991105600   426855762   -62077778   -917077234   972834900   938608222   -252719612   5331143   602043593   -307408258   682299113   -690329324 
549951856   -703698810   -410053602   -987584903   -924310501   -782647081   -822902124   -157359993   64268687   -38345525   849381538   -998065604   -769693563   2592793   -971959980   831372499   -813135200   -957017514 
501003091   946110617   -518918022   243308563   885544709   830420129   372753673   190316079   -702361531   -900648597   729398850   -674321399   950852800   -884972015   -690395496   -585892735   -817673563   170280561 
-613760081   481793896   45691328   -652766903   -358563866   879735030   -507117884   -831659205   543957786   440599984   563181684   -166418921   -548376547   -832481542   -234837012   574895440   -821797122   -188862337 
-107673215   -956843550   977345880   -1240779   -119715455   -646197943   -364874267   -896968571   676741581   598199651   853271137   947671183   850677709   371369004   -990068672   -450168716   753991130   -277634728 
18
900032417   -821159746   141755395   271772142   -701884009   -197280923   -277122998   -18728590   -143822029   -419406641   862472635   933881289   -928680504   -261673352   967898346   -131976750   -729157108   803297897 
-771728629   965459096   475599434   537328339   372960751   -807436012   642181590   139852224   371707308   573926735   827514962   505834169   -373153343   -463362787   406358610   880109451   636926398   551008633 
-665798900   -686593354   -301659693   34351591   782378446   878238582   -760203488   313743027   -162966912   -430487859   -866416087   -484546011   -448938627   59332409   -726666428   503145518   348455547   -776894913 
-927007411   703691387   -869290664   -557787940   410744611   -838243034   666893337   130936710   -686281125   -29496202   -66654231   -678573659   -427913642   -938811026   -765125518   -577924133   -430570944   639678914 
579818360   344894571   -817645695   -338279795   -940322057   -283001930   316625845   -15630400   260914450   820954788   -478868946   -218455298   724215714   -72811157   -566723722   -957078298   587129498   992235924 
515027576   394256040   -902472018   -536781595   809648104   858545724   608740970   -12996230   107210544   -315162541   332058482   572634239   648481350   -190412884   -937557964   270536824   -642152010   436833097 
-10637653   502370573   -447147715   -316442817   742124966   -131419420   -925976149   125510818   -690805490   -388623806   19961180   -985883366   450410029   633815722   176971210   -368295651   -873056429   -662904269 
861285601   -692529007   106875220   468360137   -595504800   -310737670   -195542274   613172703   -68748887   614483510   14955848   -72353508   -742956868   -401794102   -725890891   816458271   301492703   491579316 
483031669   -877527773   135907266   682830779   413485744   -997535132   -367164957   -729204534   -429626055   -134987380   277664466   -479302347   559512538   -730151289   -466657843   -591098040   -254481986   100448667 
100448667   -254481986   -591098040   -466657843   -730151289   559512538   -479302347   277664466   -134987380   -429626055   -729204534   -367164957   -997535132   413485744   682830779   135907266   -877527773   483031669 
491579316   301492703   816458271   -725890891   -401794102   -742956868   -72353508   14955848   614483510   -68748887   613172703   -195542274   -310737670   -595504800   468360137   106875220   -692529007   861285601 
-662904269   -873056429   -368295651   176971210   633815722   450410029   -985883366   19961180   -388623806   -690805490   125510818   -925976149   -131419420   742124966   -316442817   -447147715   502370573   -10637653 
436833097   -642152010   270536824   -937557964   -190412884   648481350   572634239   332058482   -315162541   107210544   -12996230   608740970   858545724   809648104   -536781595   -902472018   394256040   515027576 
992235924   587129498   -957078298   -566723722   -72811157   724215714   -218455298   -478868946   820954788   260914450   -15630400   316625845   -283001930   -940322057   -338279795   -817645695   344894571   579818360 
639678914   -430570944   -577924133   -765125518   -938811026   -427913642   -678573659   -66654231   -29496202   -686281125   130936710   666893337   -838243034   410744611   -557787940   -869290664   703691387   -927007411 
-776894913   348455547   503145518   -726666428   59332409   -448938627   -484546011   -866416087   -430487859   -162966912   313743027   -760203488   878238582   782378446   34351591   -301659693   -686593354   -665798900 
551008633   636926398   880109451   406358610   -463362787   -373153343   505834169   827514962   573926735   371707308   139852224   642181590   -807436012   372960751   537328339   475599434   965459096   -771728629 
803297897   -729157108   -131976750   967898346   -261673352   -928680504   933881289   862472635   -419406641   -143822029   -18728590   -277122998   -197280923   -701884009   271772142   141755395   -821159746   900032417 
18
761016767   -569631763   -455170047   210848862   -783995058   345066079   -626143440   -182558440   501967916   241831133   -562616378   892656703   -965080405   -915776103   -64666870   -698453702   -9399630   786542914 
215397733   515742505   135013168   -196852005   146537290   340801880   778858587   462350201   754413887   759859053   -479863097   -489429672   -176378571   6394452   -297160098   -837522158   235418928   -493374937 
744207544   -739524208   358783451   -367559126   -419016095   -94009741   -236302435   -330299333   -212448138   879538113   892952415   183879161   194291166   -374154026   -840700869   36460250   -495958943   651247155 
-510928595   -786405926   -17283675   -193785715   821939768   -295282923   715826266   -302472294   948938902   -90365736   -658831182   -282532277   253687274   451516698   -177472386   -876532988   503805901   -620945362 
-833026029   -475281415   15396247   -576293799   -171142209   -118864469   533022793   334268386   -933097883   36389069   939566228   -270146826   -812426790   674475918   -691169595   524106554   -841540643   -700927492 
578065794   -766004080   377128109   977575756   573773785   -28472579   646086336   -141356356   570225744   505481020   853823831   -424263111   -708569003   433989367   817872832   232257322   -103474417   651179180 
-30601623   -784738964   201319928   -960832273   -222676369   151199743   56169019   596854479   917122139   30728652   -95208322   111833868   -609716967   778954682   -17256285   61450529   -312283870   -150478758 
685285929   828190712   429044285   -719580392   683793914   520280823   115567560   358392627   -694688439   -340598649   -314208122   596821596   -845747825   -328521062   -291466451   -847098418   544122236   -598119852 
764993689   -370019818   588951595   -2647732   340924951   946572714   569788726   -45175285   101844203   765249445   -631905686   395361837   -771211079   499295647   315634957   125653252   522669026   -682679104 
-682679104   522669026   125653252   315634957   499295647   -771211079   395361837   -631905686   765249445   101844203   -45175285   569788726   946572714   340924951   -2647732   588951595   -370019818   764993689 
-598119852   544122236   -847098418   -291466451   -328521062   -845747825   596821596   -314208122   -340598649   -694688439   358392627   115567560   520280823   683793914   -719580392   429044285   828190712   685285929 
-150478758   -312283870   61450529   -17256285   778954682   -609716967   111833868   -95208322   30728652   917122139   596854479   56169019   151199743   -222676369   -960832273   201319928   -784738964   -30601623 
651179180   -103474417   232257322   817872832   433989367   -708569003   -424263111   853823831   505481020   570225744   -141356356   646086336   -28472579   573773785   977575756   377128109   -766004080   578065794 
-700927492   -841540643   524106554   -691169595   674475918   -812426790   -270146826   939566228   36389069   -933097883   334268386   533022793   -118864469   -171142209   -576293799   15396247   -475281415   -833026029 
-620945362   503805901   -876532988   -177472386   451516698   253687274   -282532277   -658831182   -90365736   948938902   -302472294   715826266   -295282923   821939768   -193785715   -17283675   -786405926   -510928595 
651247155   -495958943   36460250   -840700869   -374154026   194291166   183879161   892952415   879538113   -212448138   -330299333   -236302435   -94009741   -419016095   -367559126   358783451   -739524208   744207544 
-493374937   235418928   -837522158   -297160098   6394452   -176378571   -489429672   -479863097   759859053   754413887   462350201   778858587   340801880   146537290   -196852005   135013168   515742505   215397733 
786542914   -9399630   -698453702   -64666870   -915776103   -965080405   892656703   -562616378   241831133   501967916   -182558440   -626143440   345066079   -783995058   210848862   -455170047   -569631763   761016767 
18
944836049   671257938   376107376   -197506893   323752851   924570459   645263437   578753975   803533031   -12543847   -821779957   130301455   -767549161   -239553927   713442570   556658324   177631364   -342683944 
241481184   -779630575   772414813   -97906401   87110269   -218293728   390800567   -691581950   -477177978   -218414127   -314183985   323283533   133845465   559710646   -513626767   -423191961   -413594736   320232720 
699536083   -96975864   -887028743   373223794   575611882   -18470518   554183207   732522986   939254858   -207673734   -464711099   -840003834   519186842   2564828   465639180   -601114105   -678670875   -247656765 
652888295   -213451342   -903594734   251574952   588574108   892116848   615785684   -621022114   -797720571   920862830   -62770084   -708001516   -570070335   -409302372   -950284408   176656161   670732174   71803634 
284873439   -274860242   -316824128   836997605   442548335   -835480758   -170337367   279304090   417415346   -560549867   831014246   -984326603   525417763   311578644   -728841332   422670076   336924126   549955416 
749030698   -264875417   -860592072   362463878   -587909077   -325707889   -455961069   574776074   223337464   -726386159   -722764604   -57048146   -527322235   129296180   -164363663   -499199427   488597713   525066466 
-177094902   -419142441   -255992453   -646936017   -2465317   -168327826   430105853   -743659109   398862171   255926046   -775502647   601167106   394289283   374201836   -336118975   645710976   -129166369   -62077222 
909443222   970471823   -265635739   -539096256   -159177037   -563234339   928177706   -691180441   -470413432   -682657720   526941330   644521245   -611821954   846410437   496922305   365166583   747674033   512097948 
564404956   -275552256   206208565   -37819049   -570896505   -616638201   494658142   461486922   -559490633   990811192   -113978054   175390114   -188665895   -104911387   -72885689   -629784372   -875246155   -706090977 
-706090977   -875246155   -629784372   -72885689   -104911387   -188665895   175390114   -113978054   990811192   -559490633   461486922   494658142   -616638201   -570896505   -37819049   206208565   -275552256   564404956 
512097948   747674033   365166583   496922305   846410437   -611821954   644521245   526941330   -682657720   -470413432   -691180441   928177706   -563234339   -159177037   -539096256   -265635739   970471823   909443222 
-62077222   -129166369   645710976   -336118975   374201836   394289283   601167106   -775502647   255926046   398862171   -743659109   430105853   -168327826   -2465317   -646936017   -255992453   -419142441   -177094902 
525066466   488597713   -499199427   -164363663   129296180   -527322235   -57048146   -722764604   -726386159   223337464   574776074   -455961069   -325707889   -587909077   362463878   -860592072   -264875417   749030698 
549955416   336924126   422670076   -728841332   311578644   525417763   -984326603   831014246   -560549867   417415346   279304090   -170337367   -835480758   442548335   836997605   -316824128   -274860242   284873439 
71803634   670732174   176656161   -950284408   -409302372   -570070335   -708001516   -62770084   920862830   -797720571   -621022114   615785684   892116848   588574108   251574952   -903594734   -213451342   652888295 
-247656765   -678670875   -601114105   465639180   2564828   519186842   -840003834   -464711099   -207673734   939254858   732522986   554183207   -18470518   575611882   373223794   -887028743   -96975864   699536083 
320232720   -413594736   -423191961   -513626767   559710646   133845465   323283533   -314183985   -218414127   -477177978   -691581950   390800567   -218293728   87110269   -97906401   772414813   -779630575   241481184 
-342683944   177631364   556658324   713442570   -239553927   -767549161   130301455   -821779957   -12543847   803533031   578753975   645263437   924570459   323752851   -197506893   376107376   671257938   944836049 
18
455348015   411067187   -675988997   425939823   667983973   358928664   -603220900   -531909668   -411213910   -599281088   150072074   -180373376   537569598   -465201570   273345975   359132052   131290545   -418719694 
598841992   866597577   287747167   450250273   267765535   -843763719   -160023351   -103779962   -579340095   -459929399   319940314   -955353134   -285660764   160600409   -56541281   -129989288   248656945   335896084 
660818115   573459351   -771439974   380140718   559251911   443182677   742338231   237713986   -573837704   604155388   -560655351   -476394485   179880934   765475438   -683901667   332315476   -135297348   -477239470 
-294124549   -217765519   592035643   504195794   851044601   -291397299   284000217   352199008   -253401496   22177699   510985064   927396565   -25640869   579260278   -402973156   -243827986   -226989255   -951603822 
-400086053   -870842823   -64286668   -110521867   -951915074   -861107947   952776516   -168835759   153169256   -378846127   651445727   100067083   912066719   376433449   -34106689   631086185   -969762679   -801675806 
-913657112   100989948   604219782   -738000988   -867497624   601113276   -181765218   -163920231   941473586   919883288   -602985355   -476345389   512966335   790719621   516267776   -423837955   834586507   421708465 
163655230   -234610442   92572644   -192172062   47533208   -301323630   -694157754   -113855960   -354565256   -927642052   32999610   -860332037   -194303750   808985   33211130   27286468   -888368744   199942772 
963028605   343359517   -343458544   -341357893   297339642   -505972932   -903687756   -958632077   855287886   -776785408   -659801319   117199531   -351829354   522079783   -276981684   -153132927   816470115   997007926 
112255190   -781510194   -125554666   896787289   -645955370   18396738   756994521   -136431938   369892217   -423937048   -78969699   -940237374   -316580018   947013603   983973199   18472532   -468962855   -534919344 
-534919344   -468962855   18472532   983973199   947013603   -316580018   -940237374   -78969699   -423937048   369892217   -136431938   756994521   18396738   -645955370   896787289   -125554666   -781510194   112255190 
997007926   816470115   -153132927   -276981684   522079783   -351829354   117199531   -659801319   -776785408   855287886   -958632077   -903687756   -505972932   297339642   -341357893   -343458544   343359517   963028605 
199942772   -888368744   27286468   33211130   808985   -194303750   -860332037   32999610   -927642052   -354565256   -113855960   -694157754   -301323630   47533208   -192172062   92572644   -234610442   163655230 
421708465   834586507   -423837955   516267776   790719621   512966335   -476345389   -602985355   919883288   941473586   -163920231   -181765218   601113276   -867497624   -738000988   604219782   100989948   -913657112 
-801675806   -969762679   631086185   -34106689   376433449   912066719   100067083   651445727   -378846127   153169256   -168835759   952776516   -861107947   -951915074   -110521867   -64286668   -870842823   -400086053 
-951603822   -226989255   -243827986   -402973156   579260278   -25640869   927396565   510985064   22177699   -253401496   352199008   284000217   -291397299   851044601   504195794   592035643   -217765519   -294124549 
-477239470   -135297348   332315476   -683901667   765475438   179880934   -476394485   -560655351   604155388   -573837704   237713986   742338231   443182677   559251911   380140718   -771439974   573459351   660818115 
335896084   248656945   -129989288   -56541281   160600409   -285660764   -955353134   319940314   -459929399   -579340095   -103779962   -160023351   -843763719   267765535   450250273   287747167   866597577   598841992 
-418719694   131290545   359132052   273345975   -465201570   537569598   -180373376   150072074   -599281088   -411213910   -531909668   -603220900   358928664   667983973   425939823   -675988997   411067187   455348015 
18
-932881247   -290684748   -101190488   -682050256   989226636   -554126948   -602941164   174723744   934206684   -188027252   242729583   -260624546   -756172590   122037074   -536628946   259101153   -990112928   567144611 
-943187569   -525343045   266043911   -680456911   -111926696   -979811492   691505179   -55401446   -492888945   610564340   41311727   46558497   -566301017   278132156   -283770916   323415844   -958131614   989379085 
-714866889   -414516622   -299263609   175777320   -334491703   -223899347   -491821831   825679432   -834586844   -601121462   724634387   865599852   -39933648   809984320   -820191761   422993717   -987293073   -277817746 
-690662535   -452421737   -664261012   468822791   -281443737   104037200   15548308   -789630118   293276498   -106686831   215749950   35660809   -540951033   -905095349   401572125   -435093007   842504917   134126054 
-104525043   148525316   635327856   -208687212   348927991   833440019   -336366880   -751984575   904730216   -734081287   701194797   747125987   -14773210   -797356410   409781116   -402580195   -65264901   -257645654 
46558804   271023045   142058650   984022600   563512159   677729348   -134024838   -691987336   -625218719   -553012087   609877118   -666766538   406251050   196589603   -655100893   207843188   23476544   921591609 
-812450382   503311548   -824265634   839028115   348081267   -698141774   827050412   -430941962   -298538732   -745607318   -350712440   -641861162   -57867067   -237497684   -668545495   891948848   460801822   -900662622 
-894027936   -948158466   528068022   108598482   465626702   352803989   863930656   746372199   -670274181   274695817   653402972   70638866   250685624   -758281667   800814106   -329867987   209953088   119848702 
495405416   335764113   723767024   -771656419   -845323320   -232274637   -384266288   -175300206   -409317524   -550065283   867750518   -510081764   -833348515   959636881   489230474   -439777356   908832844   964050528 
964050528   908832844   -439777356   489230474   959636881   -833348515   -510081764   867750518   -550065283   -409317524   -175300206   -384266288   -232274637   -845323320   -771656419   723767024   335764113   495405416 
119848702   209953088   -329867987   800814106   -758281667   250685624   70638866   653402972   274695817   -670274181   746372199   863930656   352803989   465626702   108598482   528068022   -948158466   -894027936 
-900662622   460801822   891948848   -668545495   -237497684   -57867067   -641861162   -350712440   -745607318   -298538732   -430941962   827050412   -698141774   348081267   839028115   -824265634   503311548   -812450382 
921591609   23476544   207843188   -655100893   196589603   406251050   -666766538   609877118   -553012087   -625218719   -691987336   -134024838   677729348   563512159   984022600   142058650   271023045   46558804 
-257645654   -65264901   -402580195   409781116   -797356410   -14773210   747125987   701194797   -734081287   904730216   -751984575   -336366880   833440019   348927991   -208687212   635327856   148525316   -104525043 
134126054   842504917   -435093007   401572125   -905095349   -540951033   35660809   215749950   -106686831   293276498   -789630118   15548308   104037200   -281443737   468822791   -664261012   -452421737   -690662535 
-277817746   -987293073   422993717   -820191761   809984320   -39933648   865599852   724634387   -601121462   -834586844   825679432   -491821831   -223899347   -334491703   175777320   -299263609   -414516622   -714866889 
989379085   -958131614   323415844   -283770916   278132156   -566301017   46558497   41311727   610564340   -492888945   -55401446   691505179   -979811492   -111926696   -680456911   266043911   -525343045   -943187569 
567144611   -990112928   259101153   -536628946   122037074   -756172590   -260624546   242729583   -188027252   934206684   174723744   -602941164   -554126948   989226636   -682050256   -101190488   -290684748   -932881247 
18
-537217984   -988108637   950407891   136884527   870261680   -734097726   301055832   381509141   -314865941   108283367   891000340   -514418708   -66357571   -1875400   113641309   -383164555   428630667   807704657 
-565770008   -678976060   737709835   -887767137   -515484192   -211542123   375397105   -701175925   -75745176   -252101639   -73107898   -833812528   -185245203   -100082937   918456753   308080962   -608166314   -101734969 
-244468338   695422408   10078789   -722729429   -144191848   656739766   -458555774   -413449629   157043211   -168197602   -75309975   -553547424   826031703   -682297161   -251350125   -275475696   -773310037   -512686786 
113424812   -515099150   -55320226   -630629532   353195300   -44004776   777482398   377632005   713471117   -228753635   -227038729   -718225122   -266399668   -704419684   -920741900   -349550777   276271669   797022583 
-704004534   321907273   627151223   863863684   -397301946   318280716   556660042   -246800302   806986329   -771126271   -294957993   907366354   682354586   693282466   -943420419   549011454   -352160470   315671923 
-308627122   75878124   766538357   -675362243   -505795391   772400616   -648009283   177915289   554897085   -559867833   -807367682   267397842   972042310   -796609563   353582442   351653244   522546408   716925705 
-860126813   90147587   297286020   -532667711   114233414   767349415   448755637   728876413   -337159571   -111718886   275233239   -607765348   9315045   844722075   955777084   -863327256   507304614   -133532286 
855871945   865845649   -288168586   -368604959   494253934   454425927   -432690628   908402807   -69287023   -561819168   265874307   -621784812   155727962   176570986   917339411   5471058   -813517557   -76912706 
916811451   -946301955   841344007   514467504   -549613461   910242320   525087900   -926935005   -268520739   850708404   544539285   493360195   -617425273   109652201   -592204836   -662422109   -67860457   -385463536 
-385463536   -67860457   -662422109   -592204836   109652201   -617425273   493360195   544539285   850708404   -268520739   -926935005   525087900   910242320   -549613461   514467504   841344007   -946301955   916811451 
-76912706   -813517557   5471058   917339411   176570986   155727962   -621784812   265874307   -561819168   -69287023   908402807   -432690628   454425927   494253934   -368604959   -288168586   865845649   855871945 
-133532286   507304614   -863327256   955777084   844722075   9315045   -607765348   275233239   -111718886   -337159571   728876413   448755637   767349415   114233414   -532667711   297286020   90147587   -860126813 
716925705   522546408   351653244   353582442   -796609563   972042310   267397842   -807367682   -559867833   554897085   177915289   -648009283   772400616   -505795391   -675362243   766538357   75878124   -308627122 
315671923   -352160470   549011454   -943420419   693282466   682354586   907366354   -294957993   -771126271   806986329   -246800302   556660042   318280716   -397301946   863863684   627151223   321907273   -704004534 
797022583   276271669   -349550777   -920741900   -704419684   -266399668   -718225122   -227038729   -228753635   713471117   377632005   777482398   -44004776   353195300   -630629532   -55320226   -515099150   113424812 
-512686786   -773310037   -275475696   -251350125   -682297161   826031703   -553547424   -75309975   -168197602   157043211   -413449629   -458555774   656739766   -144191848   -722729429   10078789   695422408   -244468338 
-101734969   -608166314   308080962   918456753   -100082937   -185245203   -833812528   -73107898   -252101639   -75745176   -701175925   375397105   -211542123   -515484192   -887767137   737709835   -678976060   -565770008 
807704657   428630667   -383164555   113641309   -1875400   -66357571   -514418708   891000340   108283367   -314865941   381509141   301055832   -734097726   870261680   136884527   950407891   -988108637   -537217984 
-1
