18
-374089912   360333112   846363079   602788939   935285452   358825963   -687313313   94365879   -430034946   995243827   -76435552   810506814   480782568   962343795   -430530560   -949474840   886121120   755549087 
-492637739   -122546222   93755508   469781364   192374538   70219040   851677472   210873392   124849538   -140620380   -298095100   -395044582   524069797   -773311931   -581013926   -12508580   801147343   -418784328 
-115695633   500181351   -815332990   886331661   -256842029   620203790   435095129   320433369   15508982   -732171174   746422384   46108369   74623339   221568015   602346170   -515257025   763510696   -232446510 
833892562   773764456   500141315   -950238707   -932635381   703961978   -533945266   -658016959   -339717508   767621658   -888515243   282940566   -12491242   14492671   686674706   -199667591   162051743   146314556 
952057221   925890624   -169580961   -350822443   -24627231   -376860751   -443316964   329560993   872241499   230524193   -853097096   -135337622   571001046   220826269   -387807149   123975544   -172588038   -691271850 
-305187076   -143605743   70621172   -858139556   -52915121   -79702105   -770558271   427026934   -440561392   -958141098   -934290304   579263411   -665555588   252355357   729067611   -717234019   703747589   808138077 
343308663   818978737   408120375   -472411565   347862165   703951062   91165952   -108239829   686623274   -106903298   463491893   215283981   106070847   -370513858   -801812045   -19732653   -537472629   560084037 
-328100253   -778727193   -445381255   -317269022   -873731277   -910523371   422070708   -179772797   -570530704   720820820   -735692918   -11969377   -111796337   -591304509   -803984260   604130007   -748360485   977180134 
873581059   495818270   -777328853   774079651   -823738383   182527860   439454632   -561553075   424781462   -949235421   -340160676   496721540   929710699   21554063   -239597639   683915318   384539008   -644512699 
-644512699   384539008   683915318   -239597639   21554063   929710699   496721540   -340160676   -949235421   424781462   -561553075   439454632   182527860   -823738383   774079651   -777328853   495818270   873581059 
977180134   -748360485   604130007   -803984260   -591304509   -111796337   -11969377   -735692918   720820820   -570530704   -179772797   422070708   -910523371   -873731277   -317269022   -445381255   -778727193   -328100253 
560084037   -537472629   -19732653   -801812045   -370513858   106070847   215283981   463491893   -106903298   686623274   -108239829   91165952   703951062   347862165   -472411565   408120375   818978737   343308663 
808138077   703747589   -717234019   729067611   252355357   -665555588   579263411   -934290304   -958141098   -440561392   427026934   -770558271   -79702105   -52915121   -858139556   70621172   -143605743   -305187076 
-691271850   -172588038   123975544   -387807149   220826269   571001046   -135337622   -853097096   230524193   872241499   329560993   -443316964   -376860751   -24627231   -350822443   -169580961   925890624   952057221 
146314556   162051743   -199667591   686674706   14492671   -12491242   282940566   -888515243   767621658   -339717508   -658016959   -533945266   703961978   -932635381   -950238707   500141315   773764456   833892562 
-232446510   763510696   -515257025   602346170   221568015   74623339   46108369   746422384   -732171174   15508982   320433369   435095129   620203790   -256842029   886331661   -815332990   500181351   -115695633 
-418784328   801147343   -12508580   -581013926   -773311931   524069797   -395044582   -298095100   -140620380   124849538   210873392   851677472   70219040   192374538   469781364   93755508   -122546222   -492637739 
755549087   886121120   -949474840   -430530560   962343795   480782568   810506814   -76435552   995243827   -430034946   94365879   -687313313   358825963   935285452   602788939   846363079   360333112   -374089912 
18
-562182831   61195421   325599683   -871351453   -403932163   348392036   714962376   916198492   -120802665   129135717   -909539780   142477238   19736914   -481876676   525381587   646532406   -33383890   876695948 
741540855   -854173483   12611236   -752995379   50121641   86966864   -199689089   -536644355   -626560374   447692482   232277289   -549958748   65826478   -31351481   -626758292   468044848   -650684411   944509789 
-640622623   493090446   -819560985   733264346   -936893755   -640713117   -410135484   -220706898   -127834289   -605793727   888487376   238807582   -427187951   802953833   770661757   -266925753   873539660   -750939113 
46661719   943253688   -920944437   -712818755   477671049   365202246   -694833931   8066645   826784365   -700354870   429292442   -947117068   204656585   -104224051   106968635   -638908293   955514911   -910974080 
-936606348   -142899848   -505886565   694985667   637617311   105007362   -993893360   935762754   -889854000   -834622288   -839786752   229569141   -341462426   -150817007   241447522   -951168477   360780784   561447844 
834151700   289018288   775354247   -504986493   -907944889   -972879898   959340087   -878173643   842278655   23971662   -485225807   -634594524   527287335   -971946432   922577908   272769777   -226839851   97092020 
961328990   530563995   903356625   -131059988   208476653   781484077   -263609303   -135985782   584520148   162564473   491481136   -405183820   664047475   329900098   306032771   905063326   -391285906   559817832 
313990049   -741289611   -427380513   -670191789   809406436   769995056   -96116743   -116901518   464699469   417458992   -130586891   878591967   -52858719   595229314   752094599   -741372972   472552053   -994383995 
927202323   466701851   -120711775   52341636   643645965   -283768019   523865167   467008201   609990457   235662830   665532353   340978496   82259876   841212628   801275129   -314747325   58041184   889032517 
889032517   58041184   -314747325   801275129   841212628   82259876   340978496   665532353   235662830   609990457   467008201   523865167   -283768019   643645965   52341636   -120711775   466701851   927202323 
-994383995   472552053   -741372972   752094599   595229314   -52858719   878591967   -130586891   417458992   464699469   -116901518   -96116743   769995056   809406436   -670191789   -427380513   -741289611   313990049 
559817832   -391285906   905063326   306032771   329900098   664047475   -405183820   491481136   162564473   584520148   -135985782   -263609303   781484077   208476653   -131059988   903356625   530563995   961328990 
97092020   -226839851   272769777   922577908   -971946432   527287335   -634594524   -485225807   23971662   842278655   -878173643   959340087   -972879898   -907944889   -504986493   775354247   289018288   834151700 
561447844   360780784   -951168477   241447522   -150817007   -341462426   229569141   -839786752   -834622288   -889854000   935762754   -993893360   105007362   637617311   694985667   -505886565   -142899848   -936606348 
-910974080   955514911   -638908293   106968635   -104224051   204656585   -947117068   429292442   -700354870   826784365   8066645   -694833931   365202246   477671049   -712818755   -920944437   943253688   46661719 
-750939113   873539660   -266925753   770661757   802953833   -427187951   238807582   888487376   -605793727   -127834289   -220706898   -410135484   -640713117   -936893755   733264346   -819560985   493090446   -640622623 
944509789   -650684411   468044848   -626758292   -31351481   65826478   -549958748   232277289   447692482   -626560374   -536644355   -199689089   86966864   50121641   -752995379   12611236   -854173483   741540855 
876695948   -33383890   646532406   525381587   -481876676   19736914   142477238   -909539780   129135717   -120802665   916198492   714962376   348392036   -403932163   -871351453   325599683   61195421   -562182831 
18
-821017583   988970196   -184090763   -157609546   436400099   57250327   780116652   -868324195   -255371717   -723881130   -142238477   -102182796   -980536411   641630105   211381077   313002173   -27798100   -98951713 
-438329534   -779718949   123625786   315154238   -659874673   -401121006   976414771   185572544   559919854   730118518   -152816137   -956807137   -613186633   851805899   850658114   -808782830   -634691826   120070620 
452907735   687218158   -146005398   604704544   -732458037   -612543938   -261841682   675671169   -875099663   -977010638   565830784   759466883   266786419   -850485227   36252137   -633513946   533528246   367671769 
923044664   -779202107   150738079   -687301358   -946153145   -353401726   347310359   525677060   -953740646   -131497010   -131946593   -759224   989912648   838443189   597634492   456612926   817410555   146167434 
15979150   -642337316   949088150   419512441   214880418   832141919   35974878   986189626   -626070729   -452111220   447045496   196500259   332682591   895656855   -45698726   612533519   646312209   -920695791 
-828118397   821205266   -306948568   -378063168   263314519   133875675   -995720681   -667278761   -682902825   586073437   -773837137   573078637   402425800   871313992   -629667904   825520009   313788011   -743032672 
-827370193   -186451109   261355950   301441935   -323099559   -904671242   -654812528   175560433   848026264   839566865   -930169191   -107385686   -872451479   862930629   226350421   -314673581   -300508138   269610623 
-508855421   604702276   761439234   259772370   643163742   -985500733   -919736544   196379482   493450049   -960270072   808175661   419196005   -796751639   559317414   630775029   -99182578   -796393576   -685508667 
824338478   -961690063   665051796   610368925   403512177   -209426403   46702244   -353608845   -594149840   -964668220   497483497   -712730956   -15221439   11352935   480039264   46830554   763327517   939628786 
939628786   763327517   46830554   480039264   11352935   -15221439   -712730956   497483497   -964668220   -594149840   -353608845   46702244   -209426403   403512177   610368925   665051796   -961690063   824338478 
-685508667   -796393576   -99182578   630775029   559317414   -796751639   419196005   808175661   -960270072   493450049   196379482   -919736544   -985500733   643163742   259772370   761439234   604702276   -508855421 
269610623   -300508138   -314673581   226350421   862930629   -872451479   -107385686   -930169191   839566865   848026264   175560433   -654812528   -904671242   -323099559   301441935   261355950   -186451109   -827370193 
-743032672   313788011   825520009   -629667904   871313992   402425800   573078637   -773837137   586073437   -682902825   -667278761   -995720681   133875675   263314519   -378063168   -306948568   821205266   -828118397 
-920695791   646312209   612533519   -45698726   895656855   332682591   196500259   447045496   -452111220   -626070729   986189626   35974878   832141919   214880418   419512441   949088150   -642337316   15979150 
146167434   817410555   456612926   597634492   838443189   989912648   -759224   -131946593   -131497010   -953740646   525677060   347310359   -353401726   -946153145   -687301358   150738079   -779202107   923044664 
367671769   533528246   -633513946   36252137   -850485227   266786419   759466883   565830784   -977010638   -875099663   675671169   -261841682   -612543938   -732458037   604704544   -146005398   687218158   452907735 
120070620   -634691826   -808782830   850658114   851805899   -613186633   -956807137   -152816137   730118518   559919854   185572544   976414771   -401121006   -659874673   315154238   123625786   -779718949   -438329534 
-98951713   -27798100   313002173   211381077   641630105   -980536411   -102182796   -142238477   -723881130   -255371717   -868324195   780116652   57250327   436400099   -157609546   -184090763   988970196   -821017583 
18
-535764852   985117719   431523574   674218936   245112282   820869709   -695330291   226385943   348229531   581834549   741254006   902060611   84674236   783972014   -504671223   -591025968   -255030987   484118005 
-98387196   908772436   -929684431   -261185589   76782168   -926633063   -560782689   472606685   -567114783   -274785872   -588756992   949730874   -165112234   783901832   536115001   -305999113   -676349685   97106882 
260802985   404886673   932728020   -916305035   565520300   -918697941   155937664   911413381   -308004403   361746462   -488141204   -314285332   377679566   969573231   715320446   716379858   -50308062   821431001 
-999396731   -963229578   -843320869   676190666   554782152   -570410130   354850207   661242531   60722529   -921956591   -826066544   861789303   93740127   39651273   588208106   303441421   -858289773   -761430501 
-489538245   859883085   -801787331   -339608323   -796799699   57854657   -740932904   -581106557   -901354834   -431764162   357817662   68454616   -813212569   347823012   -277599188   -961683771   650534371   -978144156 
-140687728   -541068857   -581520323   4870504   392310778   642960298   -147824927   -178315644   273141910   937289509   -285170096   654482739   -596270665   -594978413   -517853411   -970338532   33764896   385579219 
16964370   885987320   -375934184   -458335348   87156357   -108116522   -124111244   -245655690   469505024   504724448   42470859   696307357   758491395   523423783   705514729   -215453448   159811042   253640351 
-835858431   -268978700   -87460339   -122398361   -274589458   265703840   -397886125   -142299955   490626451   -20494192   733011812   -25354602   568225467   379762840   -886784695   681379732   943554670   -814132849 
-240617521   48270129   -557487241   905410047   -658662133   74451463   -915638185   -966244182   -712932614   -639584490   -935469557   203584704   314059181   -285149881   878741485   6890974   121868411   144168429 
144168429   121868411   6890974   878741485   -285149881   314059181   203584704   -935469557   -639584490   -712932614   -966244182   -915638185   74451463   -658662133   905410047   -557487241   48270129   -240617521 
-814132849   943554670   681379732   -886784695   379762840   568225467   -25354602   733011812   -20494192   490626451   -142299955   -397886125   265703840   -274589458   -122398361   -87460339   -268978700   -835858431 
253640351   159811042   -215453448   705514729   523423783   758491395   696307357   42470859   504724448   469505024   -245655690   -124111244   -108116522   87156357   -458335348   -375934184   885987320   16964370 
385579219   33764896   -970338532   -517853411   -594978413   -596270665   654482739   -285170096   937289509   273141910   -178315644   -147824927   642960298   392310778   4870504   -581520323   -541068857   -140687728 
-978144156   650534371   -961683771   -277599188   347823012   -813212569   68454616   357817662   -431764162   -901354834   -581106557   -740932904   57854657   -796799699   -339608323   -801787331   859883085   -489538245 
-761430501   -858289773   303441421   588208106   39651273   93740127   861789303   -826066544   -921956591   60722529   661242531   354850207   -570410130   554782152   676190666   -843320869   -963229578   -999396731 
821431001   -50308062   716379858   715320446   969573231   377679566   -314285332   -488141204   361746462   -308004403   911413381   155937664   -918697941   565520300   -916305035   932728020   404886673   260802985 
97106882   -676349685   -305999113   536115001   783901832   -165112234   949730874   -588756992   -274785872   -567114783   472606685   -560782689   -926633063   76782168   -261185589   -929684431   908772436   -98387196 
484118005   -255030987   -591025968   -504671223   783972014   84674236   902060611   741254006   581834549   348229531   226385943   -695330291   820869709   245112282   674218936   431523574   985117719   -535764852 
18
-28596222   -177754074   -695613932   654855106   -105035165   -807578730   699560386   864983399   712197667   528916744   -831279003   62151390   230032745   417448041   596628519   -220926005   -929784104   -111110672 
411950369   680086535   -111922778   -106756817   -483243249   -957343968   -483137217   487355842   790684033   -678501280   128484288   841555097   -325096363   599872432   372527607   -670893060   837042912   -591303428 
344077274   -8556216   683484052   -858417547   -988102510   -913787660   336536256   17247897   -505015174   683225307   -690074566   -753047921   -313499745   -517167393   831174135   -148818197   -729597068   -761521071 
197162868   369560199   -286915063   -887951554   -366761605   857864904   520302168   530630782   -843800025   992473578   -587114553   -337865371   -125439895   949948086   718419168   -973604282   -603638300   -219476681 
-617743988   -349340445   344935973   -960619978   737929174   -341183578   -442071050   996754189   933359334   -521497126   675182873   -871383214   -138985459   11858269   280525637   24756229   -557593791   -373079886 
875754588   -951792883   82425382   813762494   -836318172   160184684   -660544044   195085454   -848236570   811230428   -339901036   312460153   -692066061   185013325   869714657   646980008   23605547   901421836 
-8652288   681647886   929572789   -964119899   -153166227   703523980   -754515932   210537393   532338721   709025100   -30599610   -469610347   116433743   660457477   157770396   325588753   -589029737   156792908 
641709779   422718316   -382528913   686137786   872010403   38083368   746806337   500937004   983299461   -96272067   484879324   -681159911   392120095   324796852   579317745   611364251   -472092707   -82063576 
226259940   -634264801   71401480   -736056688   16199925   786427565   197513300   -693414571   -131292016   291926225   -534552246   -436717924   -962651555   838890009   771671468   300413437   -106329788   805826319 
805826319   -106329788   300413437   771671468   838890009   -962651555   -436717924   -534552246   291926225   -131292016   -693414571   197513300   786427565   16199925   -736056688   71401480   -634264801   226259940 
-82063576   -472092707   611364251   579317745   324796852   392120095   -681159911   484879324   -96272067   983299461   500937004   746806337   38083368   872010403   686137786   -382528913   422718316   641709779 
156792908   -589029737   325588753   157770396   660457477   116433743   -469610347   -30599610   709025100   532338721   210537393   -754515932   703523980   -153166227   -964119899   929572789   681647886   -8652288 
901421836   23605547   646980008   869714657   185013325   -692066061   312460153   -339901036   811230428   -848236570   195085454   -660544044   160184684   -836318172   813762494   82425382   -951792883   875754588 
-373079886   -557593791   24756229   280525637   11858269   -138985459   -871383214   675182873   -521497126   933359334   996754189   -442071050   -341183578   737929174   -960619978   344935973   -349340445   -617743988 
-219476681   -603638300   -973604282   718419168   949948086   -125439895   -337865371   -587114553   992473578   -843800025   530630782   520302168   857864904   -366761605   -887951554   -286915063   369560199   197162868 
-761521071   -729597068   -148818197   831174135   -517167393   -313499745   -753047921   -690074566   683225307   -505015174   17247897   336536256   -913787660   -988102510   -858417547   683484052   -8556216   344077274 
-591303428   837042912   -670893060   372527607   599872432   -325096363   841555097   128484288   -678501280   790684033   487355842   -483137217   -957343968   -483243249   -106756817   -111922778   680086535   411950369 
-111110672   -929784104   -220926005   596628519   417448041   230032745   62151390   -831279003   528916744   712197667   864983399   699560386   -807578730   -105035165   654855106   -695613932   -177754074   -28596222 
18
-640595473   -220945880   359331766   845385816   226369510   -700638072   494861914   -573147260   389256239   -752739965   408680538   -931089763   -914134194   825721896   743731614   967807099   -821611675   -20842837 
-858991362   -950896747   -550835794   875628847   380911577   -282623196   319277242   575682453   -768517559   645732277   -563265922   786965096   913248309   -169982473   327534145   726011020   28801819   -177514445 
786531777   507127733   592244992   161886114   -890193782   776362771   812994541   -348694359   970384710   849942996   911944875   409392607   528464022   109162783   -148813311   628488257   -724161231   667080646 
-246695294   -144429033   480042020   615850170   -34527671   247544942   815374264   609792622   610216935   -943473447   -319530690   -436256853   -691863814   728385155   339759485   206601828   847263014   53280944 
602539990   -236163276   -726689671   737546898   -321692449   -355206323   545151445   -260198571   -520436296   -106162164   -319480191   -796596471   -634319801   896410317   878889472   -947168175   -873009582   484945489 
-959768235   -951470393   -973099319   -857289702   785920729   -742484082   -855295325   497059123   597574662   -194077273   163102304   -942328246   93460953   -338606760   -88157654   -681047754   -979408092   611098797 
-608732588   -982419117   -445182683   -459217476   492635845   -806419606   -550657334   -685760756   -761731814   -69648016   -30362994   340782842   -753324594   -429342668   321083309   584215615   -281069730   -822172535 
-634837858   678221580   -628798599   552368467   602874561   -797078003   844207797   654294953   700386194   843517139   -427318847   -533884152   -762561084   134153886   506948658   237155943   797657682   87809432 
-49985168   520444819   -724773143   73118591   840750199   -381128241   -242026649   -458341649   -500155514   -586069531   605042820   836147387   -985723343   337414907   -325742629   907640025   728291234   -874670047 
-874670047   728291234   907640025   -325742629   337414907   -985723343   836147387   605042820   -586069531   -500155514   -458341649   -242026649   -381128241   840750199   73118591   -724773143   520444819   -49985168 
87809432   797657682   237155943   506948658   134153886   -762561084   -533884152   -427318847   843517139   700386194   654294953   844207797   -797078003   602874561   552368467   -628798599   678221580   -634837858 
-822172535   -281069730   584215615   321083309   -429342668   -753324594   340782842   -30362994   -69648016   -761731814   -685760756   -550657334   -806419606   492635845   -459217476   -445182683   -982419117   -608732588 
611098797   -979408092   -681047754   -88157654   -338606760   93460953   -942328246   163102304   -194077273   597574662   497059123   -855295325   -742484082   785920729   -857289702   -973099319   -951470393   -959768235 
484945489   -873009582   -947168175   878889472   896410317   -634319801   -796596471   -319480191   -106162164   -520436296   -260198571   545151445   -355206323   -321692449   737546898   -726689671   -236163276   602539990 
53280944   847263014   206601828   339759485   728385155   -691863814   -436256853   -319530690   -943473447   610216935   609792622   815374264   247544942   -34527671   615850170   480042020   -144429033   -246695294 
667080646   -724161231   628488257   -148813311   109162783   528464022   409392607   911944875   849942996   970384710   -348694359   812994541   776362771   -890193782   161886114   592244992   507127733   786531777 
-177514445   28801819   726011020   327534145   -169982473   913248309   786965096   -563265922   645732277   -768517559   575682453   319277242   -282623196   380911577   875628847   -550835794   -950896747   -858991362 
-20842837   -821611675   967807099   743731614   825721896   -914134194   -931089763   408680538   -752739965   389256239   -573147260   494861914   -700638072   226369510   845385816   359331766   -220945880   -640595473 
18
-123347173   792701270   -280049477   -889788540   93833965   -126453459   -168069247   293267607   602894619   932609205   517132858   937783549   -238399223   571492583   700631821   727603192   607306088   -948540707 
-148991862   -313334383   -727441896   -249260066   -922426180   538533729   624260006   818839912   -200433953   -939684308   -96441179   -693323673   -485845968   44878273   -189655971   -275005333   964647908   -615337232 
-470044981   -299642403   160378014   -562027024   387439617   567253900   430015302   -204394881   -146557352   -277932980   258322133   707908314   -755080980   22675622   -865603949   -336705642   428427479   -812234179 
867260522   383708111   255185658   -764184123   763863323   -5679028   -953242897   215543054   -165160355   82041289   -527695768   690652722   640653441   -595814654   820900890   -653209190   308991718   -925239910 
524556155   -249070318   -549549645   -587122219   -246336700   -171037267   -133433876   -931989741   -801569679   -83246588   278003407   -795795555   -853931848   74367345   307325360   92303790   -274064821   212975352 
-477885228   870063260   -994106221   -365574633   -33376403   -804449930   242421386   346772530   -635313391   844153317   551354354   -121608801   -519506463   -844424294   447587632   -943965428   -880892572   -478130367 
750086116   557852041   -385469167   -171770156   -413108988   595201574   -345743116   -576505573   -964509893   152485112   46610610   16799841   596386361   349328345   123473816   565891393   -174052464   -854187864 
-605064743   -416831050   605688175   689500352   -572498811   -49844366   -139265601   736139586   -227811485   -177761880   -5720382   -52443404   -507184711   744688394   357393732   116310713   866222430   -789884555 
-816661887   -264154402   780613305   -649727583   -40233483   270576245   712825394   -994633768   763770213   558772577   465210437   -459620978   -266162619   -787173588   -141707073   -304801165   618359927   258228195 
258228195   618359927   -304801165   -141707073   -787173588   -266162619   -459620978   465210437   558772577   763770213   -994633768   712825394   270576245   -40233483   -649727583   780613305   -264154402   -816661887 
-789884555   866222430   116310713   357393732   744688394   -507184711   -52443404   -5720382   -177761880   -227811485   736139586   -139265601   -49844366   -572498811   689500352   605688175   -416831050   -605064743 
-854187864   -174052464   565891393   123473816   349328345   596386361   16799841   46610610   152485112   -964509893   -576505573   -345743116   595201574   -413108988   -171770156   -385469167   557852041   750086116 
-478130367   -880892572   -943965428   447587632   -844424294   -519506463   -121608801   551354354   844153317   -635313391   346772530   242421386   -804449930   -33376403   -365574633   -994106221   870063260   -477885228 
212975352   -274064821   92303790   307325360   74367345   -853931848   -795795555   278003407   -83246588   -801569679   -931989741   -133433876   -171037267   -246336700   -587122219   -549549645   -249070318   524556155 
-925239910   308991718   -653209190   820900890   -595814654   640653441   690652722   -527695768   82041289   -165160355   215543054   -953242897   -5679028   763863323   -764184123   255185658   383708111   867260522 
-812234179   428427479   -336705642   -865603949   22675622   -755080980   707908314   258322133   -277932980   -146557352   -204394881   430015302   567253900   387439617   -562027024   160378014   -299642403   -470044981 
-615337232   964647908   -275005333   -189655971   44878273   -485845968   -693323673   -96441179   -939684308   -200433953   818839912   624260006   538533729   -922426180   -249260066   -727441896   -313334383   -148991862 
-948540707   607306088   727603192   700631821   571492583   -238399223   937783549   517132858   932609205   602894619   293267607   -168069247   -126453459   93833965   -889788540   -280049477   792701270   -123347173 
18
-176463002   -50508418   555421670   380256595   857732701   91744977   -840393924   150222772   253469838   945480661   -108566419   -800104199   -693319718   362214990   70846116   972167706   202149394   -25195471 
319159413   -410764824   -312449408   -894600515   415237070   -721613407   394859882   -268735094   -546384886   -698975343   543304762   -593782355   -607110915   -198047991   704861954   670697980   -759621111   194955967 
-690721009   731834075   -829854033   -355121346   -81245995   316036925   241908136   402434076   -461373835   -653435471   145501700   -497624196   -537182134   -150173870   546667991   349448936   -465547341   -357259583 
950465684   606519022   812568077   -130211807   807121379   637623655   -305196934   -631002910   -759464343   642413665   -97339383   -413920756   321714418   -802612703   373808859   -446911624   811816695   -316926529 
953209668   -764050151   -283564066   934927270   98709481   838346501   -564612804   180346699   -296882547   395172675   694711645   -315678966   760259768   750932334   389470988   41835133   137922859   -231647700 
963628538   -434356145   -463588305   799545126   283874851   -338404510   259755512   469602441   -291025578   17322872   969966412   537739919   -495905511   -143811571   -769398194   -769958493   446929692   881397801 
598937587   -56384555   -975261960   690717642   -508148551   498838047   278744946   -632373740   684961427   -451126631   -685848688   6801763   -818387554   832095696   -250701887   682985891   -963748445   -487686048 
-460294704   -337758134   791963   -960041608   -290867193   -484612382   959091373   -352803686   -513816796   -561805553   -261747165   -700071073   634810091   672143627   106905654   675711337   712342905   -482425900 
552903723   903315102   324005065   85049016   -958885   996997929   988309490   762203235   896298598   -224564389   -781184132   767989862   540483369   -988402871   669548904   380017601   -154420376   144407605 
144407605   -154420376   380017601   669548904   -988402871   540483369   767989862   -781184132   -224564389   896298598   762203235   988309490   996997929   -958885   85049016   324005065   903315102   552903723 
-482425900   712342905   675711337   106905654   672143627   634810091   -700071073   -261747165   -561805553   -513816796   -352803686   959091373   -484612382   -290867193   -960041608   791963   -337758134   -460294704 
-487686048   -963748445   682985891   -250701887   832095696   -818387554   6801763   -685848688   -451126631   684961427   -632373740   278744946   498838047   -508148551   690717642   -975261960   -56384555   598937587 
881397801   446929692   -769958493   -769398194   -143811571   -495905511   537739919   969966412   17322872   -291025578   469602441   259755512   -338404510   283874851   799545126   -463588305   -434356145   963628538 
-231647700   137922859   41835133   389470988   750932334   760259768   -315678966   694711645   395172675   -296882547   180346699   -564612804   838346501   98709481   934927270   -283564066   -764050151   953209668 
-316926529   811816695   -446911624   373808859   -802612703   321714418   -413920756   -97339383   642413665   -759464343   -631002910   -305196934   637623655   807121379   -130211807   812568077   606519022   950465684 
-357259583   -465547341   349448936   546667991   -150173870   -537182134   -497624196   145501700   -653435471   -461373835   402434076   241908136   316036925   -81245995   -355121346   -829854033   731834075   -690721009 
194955967   -759621111   670697980   704861954   -198047991   -607110915   -593782355   543304762   -698975343   -546384886   -268735094   394859882   -721613407   415237070   -894600515   -312449408   -410764824   319159413 
-25195471   202149394   972167706   70846116   362214990   -693319718   -800104199   -108566419   945480661   253469838   150222772   -840393924   91744977   857732701   380256595   555421670   -50508418   -176463002 
18
69309034   71004769   753412947   -608861258   -735914532   110507291   -368498847   -510933336   -4541378   674024409   -746310388   424479639   -501976693   -205365040   -41134538   425682262   171669045   256176557 
-571722791   880671428   860948339   830202965   -449710452   -911519013   -38262888   -882569040   980142756   -148498484   -220076707   -470488988   290242292   935545891   -559699155   -726115015   789661132   -446932236 
108439709   578340996   -202036442   763954322   -127642100   835603504   760803161   -74258659   151607472   984419856   916726212   75162641   414676634   217443610   7385389   -408664350   258389726   900356056 
495003950   742139350   683430148   570987517   614024646   2929146   835522902   -769077682   545514053   243717543   -854966786   241367625   -537940494   -205025970   938135405   -661637656   -576615498   -830307107 
171615835   20139724   230619404   -543592636   2887016   -140108068   -274993099   64343561   370455008   -789074298   747954277   470132484   -712802425   397170609   221374982   -196892326   -170305050   -399215406 
739093396   540735893   -742995804   576798456   182625598   -777937954   -63247843   889396352   -741510971   -559165346   508710720   711423213   402847800   817584351   596355949   654675680   744756599   821339632 
390006264   -703522847   757614406   -360207854   -192800226   325642101   226455015   -148458291   150241636   837933265   14021149   -387612723   -227131018   -392862096   -858483767   -873843267   538699454   -778015570 
-757206667   -979583302   -878271319   689298351   383997741   -268060495   -314367117   -893170200   99673632   -162522710   -150431209   -797464672   750612585   681445327   682867100   -992082180   -81353860   -537486352 
-1774112   419910060   580424180   -219906491   -539107252   416911424   -366268212   279231586   520771582   63136784   637476023   469319377   -219331699   655680693   -993163301   182495421   -937942020   -806102354 
-806102354   -937942020   182495421   -993163301   655680693   -219331699   469319377   637476023   63136784   520771582   279231586   -366268212   416911424   -539107252   -219906491   580424180   419910060   -1774112 
-537486352   -81353860   -992082180   682867100   681445327   750612585   -797464672   -150431209   -162522710   99673632   -893170200   -314367117   -268060495   383997741   689298351   -878271319   -979583302   -757206667 
-778015570   538699454   -873843267   -858483767   -392862096   -227131018   -387612723   14021149   837933265   150241636   -148458291   226455015   325642101   -192800226   -360207854   757614406   -703522847   390006264 
821339632   744756599   654675680   596355949   817584351   402847800   711423213   508710720   -559165346   -741510971   889396352   -63247843   -777937954   182625598   576798456   -742995804   540735893   739093396 
-399215406   -170305050   -196892326   221374982   397170609   -712802425   470132484   747954277   -789074298   370455008   64343561   -274993099   -140108068   2887016   -543592636   230619404   20139724   171615835 
-830307107   -576615498   -661637656   938135405   -205025970   -537940494   241367625   -854966786   243717543   545514053   -769077682   835522902   2929146   614024646   570987517   683430148   742139350   495003950 
900356056   258389726   -408664350   7385389   217443610   414676634   75162641   916726212   984419856   151607472   -74258659   760803161   835603504   -127642100   763954322   -202036442   578340996   108439709 
-446932236   789661132   -726115015   -559699155   935545891   290242292   -470488988   -220076707   -148498484   980142756   -882569040   -38262888   -911519013   -449710452   830202965   860948339   880671428   -571722791 
256176557   171669045   425682262   -41134538   -205365040   -501976693   424479639   -746310388   674024409   -4541378   -510933336   -368498847   110507291   -735914532   -608861258   753412947   71004769   69309034 
18
608915023   -899251524   -345388720   359035755   165973954   913023493   833442197   -942316143   888794293   157307925   -646834061   658285470   624227312   -341424587   218848705   462652125   16531445   -829723194 
-780260403   125478795   954410047   -691070302   -787471787   -586169456   457380867   -464074247   -418601674   61294825   533931690   365461393   -316397868   278820283   -877435828   -924795869   599440213   -739147358 
459596298   -751094790   -643586662   38596654   820442104   -92333383   322020292   -23049687   -512719174   478161958   725545923   404712641   -512649663   205319386   -522883878   832151819   -387519704   -918204722 
476063819   -11111760   598645004   -766834167   733922244   151737850   -159300593   246853035   -551501912   895268639   -504496029   453373499   825668792   -355767826   -803515655   -275887593   296122575   494253674 
-985055167   428191346   555408759   849279502   342151683   -943951723   -805855322   984986942   -572565585   602253282   567588255   -847938586   -876564000   674861070   708235376   773838042   -650974693   -879265363 
552126275   -112256724   475824983   -761244357   -765425689   648939837   435463598   -8871649   55549253   -926321200   354414387   -15408589   -973726027   -337932270   -185945991   477611049   -14163961   551946305 
-477219108   764491663   -289045069   892698446   465241408   -466998584   -999094535   82668732   238395463   261444232   874869173   882534266   428399326   -439661250   -306622938   -361655073   62326993   981808848 
511668946   829394111   -558780901   -395919279   -657247968   228142338   594939101   314035951   -33445291   762350799   -207716224   565507533   666709123   267040038   -510888407   -630462738   232407672   333806729 
779949227   250306227   -944025088   -824320278   -724256146   129451027   49333281   110002754   -185231025   -261971212   471860052   209996259   453874255   -145104570   -736882525   903485867   -556308867   493964707 
493964707   -556308867   903485867   -736882525   -145104570   453874255   209996259   471860052   -261971212   -185231025   110002754   49333281   129451027   -724256146   -824320278   -944025088   250306227   779949227 
333806729   232407672   -630462738   -510888407   267040038   666709123   565507533   -207716224   762350799   -33445291   314035951   594939101   228142338   -657247968   -395919279   -558780901   829394111   511668946 
981808848   62326993   -361655073   -306622938   -439661250   428399326   882534266   874869173   261444232   238395463   82668732   -999094535   -466998584   465241408   892698446   -289045069   764491663   -477219108 
551946305   -14163961   477611049   -185945991   -337932270   -973726027   -15408589   354414387   -926321200   55549253   -8871649   435463598   648939837   -765425689   -761244357   475824983   -112256724   552126275 
-879265363   -650974693   773838042   708235376   674861070   -876564000   -847938586   567588255   602253282   -572565585   984986942   -805855322   -943951723   342151683   849279502   555408759   428191346   -985055167 
494253674   296122575   -275887593   -803515655   -355767826   825668792   453373499   -504496029   895268639   -551501912   246853035   -159300593   151737850   733922244   -766834167   598645004   -11111760   476063819 
-918204722   -387519704   832151819   -522883878   205319386   -512649663   404712641   725545923   478161958   -512719174   -23049687   322020292   -92333383   820442104   38596654   -643586662   -751094790   459596298 
-739147358   599440213   -924795869   -877435828   278820283   -316397868   365461393   533931690   61294825   -418601674   -464074247   457380867   -586169456   -787471787   -691070302   954410047   125478795   -780260403 
-829723194   16531445   462652125   218848705   -341424587   624227312   658285470   -646834061   157307925   888794293   -942316143   833442197   913023493   165973954   359035755   -345388720   -899251524   608915023 
-1
