18
-198162286   -438655111   898428052   652427041   161893029   -419383112   528297382   -130553650   905826903   -915535730   831858064   842090238   130724390   310085210   -529501773   -991205033   333547573   -707862536 
-999149984   -10233281   279622308   -494573766   68415466   156054798   -836407911   77684532   78506733   -909398392   610392329   777062441   940331172   710816364   -135924616   577523005   60533938   581302562 
-920686376   793574097   -386048750   -693764654   799035310   676099694   243304976   480587386   -47412622   771260884   207662472   729261847   -994329491   -462670605   38886674   -917431784   623125620   328923172 
765164218   370807687   195435922   -620655583   887773935   940715704   374248909   317157724   -495833470   995424644   840465098   295751125   -648583906   879804614   7017046   65343043   -642968677   957922877 
-137349285   -213680890   -863260294   425970674   -716344280   -218684254   -277354476   -748412951   213704857   916983913   -3235056   -686316660   563166834   910599111   459572062   -511067606   692886504   180264987 
-863108189   262549116   -540402391   -773675277   -814661295   142951968   -935970699   -289649192   427450198   115591847   84220551   907064638   -468540542   145566666   37212565   -468248798   826157916   562744154 
495416825   930520081   754226298   661730589   372502077   869121112   82749125   203510258   381490620   -776729761   -59618116   492381075   -584720681   -257432296   -421034904   881232986   432929490   -185930267 
-756657091   -797794169   830611639   -606507859   -786793381   542971895   48420797   -951446380   38483843   305730857   374348129   -798263427   81750193   218457444   -583444343   918125386   -100033683   -455972975 
-740322837   986276805   -560960029   -481367164   -148996935   -484013454   923703159   620157954   543226143   -667578302   291986226   -58655374   102817722   -394781344   76796265   220481530   9073974   -511466045 
-511466045   9073974   220481530   76796265   -394781344   102817722   -58655374   291986226   -667578302   543226143   620157954   923703159   -484013454   -148996935   -481367164   -560960029   986276805   -740322837 
-455972975   -100033683   918125386   -583444343   218457444   81750193   -798263427   374348129   305730857   38483843   -951446380   48420797   542971895   -786793381   -606507859   830611639   -797794169   -756657091 
-185930267   432929490   881232986   -421034904   -257432296   -584720681   492381075   -59618116   -776729761   381490620   203510258   82749125   869121112   372502077   661730589   754226298   930520081   495416825 
562744154   826157916   -468248798   37212565   145566666   -468540542   907064638   84220551   115591847   427450198   -289649192   -935970699   142951968   -814661295   -773675277   -540402391   262549116   -863108189 
180264987   692886504   -511067606   459572062   910599111   563166834   -686316660   -3235056   916983913   213704857   -748412951   -277354476   -218684254   -716344280   425970674   -863260294   -213680890   -137349285 
957922877   -642968677   65343043   7017046   879804614   -648583906   295751125   840465098   995424644   -495833470   317157724   374248909   940715704   887773935   -620655583   195435922   370807687   765164218 
328923172   623125620   -917431784   38886674   -462670605   -994329491   729261847   207662472   771260884   -47412622   480587386   243304976   676099694   799035310   -693764654   -386048750   793574097   -920686376 
581302562   60533938   577523005   -135924616   710816364   940331172   777062441   610392329   -909398392   78506733   77684532   -836407911   156054798   68415466   -494573766   279622308   -10233281   -999149984 
-707862536   333547573   -991205033   -529501773   310085210   130724390   842090238   831858064   -915535730   905826903   -130553650   528297382   -419383112   161893029   652427041   898428052   -438655111   -198162286 
19
742529488   -866372582   -634616527   -889596054   647454916   592908660   342626429   679491961   -304006931   255790072   -882368444   294989446   451319122   846605379   -278390579   949892608   -261106445   904833221   -145724650 
422880043   233789189   504202918   -212717503   736828620   153574022   274624647   709793743   486086477   -992932234   317494356   -789818869   224712252   -939106002   -70300997   352844213   44672915   -751148384   -764534065 
-793328699   700410186   -860006196   892572425   -849728701   -587938899   -890631460   -388819417   883514181   -986142517   417113389   -60974917   145185239   -191090924   -277880682   -910016481   714526918   -468304828   -751332212 
-798686050   -698031623   341534365   -178886984   161207506   531487   971075643   -870454323   171918523   -22010292   -646976060   -114502530   893574537   -4150041   -790472901   572446040   -143170044   780245495   -570538248 
992490913   115287537   -663676765   -855641565   -952882710   -618452899   339633375   -410726252   152789475   -59131011   937693032   -235826195   -145023405   14592262   -346065880   -670224287   -394178150   -26135039   -930530490 
797138361   -783684322   -730443643   -304350983   -10939648   -763790909   -849177907   -119470191   45609053   -842542495   -330351585   -201960220   -767292502   528732212   544916194   931065688   -247683850   -826126855   986350566 
-984781980   997866274   424469209   589740649   377361103   698504866   -344497757   745786970   899351795   -128044178   -102426181   -219173495   231781513   -899454183   46820970   603018850   337407945   807806189   249690192 
-57020268   213144344   -985196099   -251036707   461444567   190938660   674557783   -816204070   236051344   -27974767   25570394   -973689374   -794528468   -793584603   340799590   -894349209   -444149996   -587301895   -650623450 
681015977   -494068861   675935549   960242412   776695371   -268697568   60404408   111184529   -240744274   720745271   545554454   699859596   914012177   -645513375   -37904814   -597508638   -41975362   456332072   502095204 
-40922233   341443326   681413541   -499543577   717484037   543707773   -379512822   -339677860   -465029353   -941970777   -465029353   -339677860   -379512822   543707773   717484037   -499543577   681413541   341443326   -40922233 
502095204   456332072   -41975362   -597508638   -37904814   -645513375   914012177   699859596   545554454   720745271   -240744274   111184529   60404408   -268697568   776695371   960242412   675935549   -494068861   681015977 
-650623450   -587301895   -444149996   -894349209   340799590   -793584603   -794528468   -973689374   25570394   -27974767   236051344   -816204070   674557783   190938660   461444567   -251036707   -985196099   213144344   -57020268 
249690192   807806189   337407945   603018850   46820970   -899454183   231781513   -219173495   -102426181   -128044178   899351795   745786970   -344497757   698504866   377361103   589740649   424469209   997866274   -984781980 
986350566   -826126855   -247683850   931065688   544916194   528732212   -767292502   -201960220   -330351585   -842542495   45609053   -119470191   -849177907   -763790909   -10939648   -304350983   -730443643   -783684322   797138361 
-930530490   -26135039   -394178150   -670224287   -346065880   14592262   -145023405   -235826195   937693032   -59131011   152789475   -410726252   339633375   -618452899   -952882710   -855641565   -663676765   115287537   992490913 
-570538248   780245495   -143170044   572446040   -790472901   -4150041   893574537   -114502530   -646976060   -22010292   171918523   -870454323   971075643   531487   161207506   -178886984   341534365   -698031623   -798686050 
-751332212   -468304828   714526918   -910016481   -277880682   -191090924   145185239   -60974917   417113389   -986142517   883514181   -388819417   -890631460   -587938899   -849728701   892572425   -860006196   700410186   -793328699 
-764534065   -751148384   44672915   352844213   -70300997   -939106002   224712252   -789818869   317494356   -992932234   486086477   709793743   274624647   153574022   736828620   -212717503   504202918   233789189   422880043 
-145724650   904833221   -261106445   949892608   -278390579   846605379   451319122   294989446   -882368444   255790072   -304006931   679491961   342626429   592908660   647454916   -889596054   -634616527   -866372582   742529488 
19
-452242284   -886545619   -176161756   112508745   30395349   -595162756   -228123750   -416172657   790356878   -613393059   -781459641   45533922   -651323625   -672051689   290218007   -321241264   212292078   876731341   983957708 
709397185   119004548   -398108158   -632224750   -887711217   -403002161   -738341391   956641182   -593757553   163466901   -622964872   -889609825   -652989883   -745950074   589133995   -775185836   729622366   -509736525   -277089098 
-89743344   -934012411   883939577   425630294   926600778   920032084   417481253   77147508   -323665969   -350961542   887250250   418499075   625289066   -490003513   -771507318   -925221970   995497429   943763928   -781356458 
-722466683   769412015   462526572   -145413026   -543869873   -550481192   -470816500   255682363   128364174   568923986   807867084   838540604   646949360   479187851   284936610   286561003   97730137   -477205402   17672760 
985952897   -248967348   609594890   -246916863   514647450   -989591456   729148101   -944530909   -959475935   -519529823   -924045685   -635621416   -103198480   -620191452   -897346112   41058233   310119249   759395880   -674476337 
-839238202   -267016272   -71333157   865568249   708224953   327681204   -493736003   38872583   -590152847   84073878   -339668323   -952640780   -434668166   -921473458   -198711861   32088411   116768578   -370297763   -748097579 
91617347   859464832   274638787   -572406839   -514770637   390931285   -608885379   793557459   595914852   416602279   -31993487   -597733510   821559169   503293113   542479966   -619707190   394231003   -781125423   988954049 
594349393   -118368433   4192310   120215493   -170827479   629696434   -825055787   -595157244   818675869   442173357   -631510380   509317398   308732266   -178112785   -120187799   -69555031   499299865   -851089633   684375578 
795272698   -312481237   979645957   -334637531   655672684   -822352076   -738007785   -847292437   -941565081   -28479003   -936291982   998600915   -868871935   285031459   920032642   -650215336   9978546   -736749021   -673268554 
682073084   -236043559   671864969   578917125   398090935   -526505606   -296685310   723077590   203746863   -502376640   203746863   723077590   -296685310   -526505606   398090935   578917125   671864969   -236043559   682073084 
-673268554   -736749021   9978546   -650215336   920032642   285031459   -868871935   998600915   -936291982   -28479003   -941565081   -847292437   -738007785   -822352076   655672684   -334637531   979645957   -312481237   795272698 
684375578   -851089633   499299865   -69555031   -120187799   -178112785   308732266   509317398   -631510380   442173357   818675869   -595157244   -825055787   629696434   -170827479   120215493   4192310   -118368433   594349393 
988954049   -781125423   394231003   -619707190   542479966   503293113   821559169   -597733510   -31993487   416602279   595914852   793557459   -608885379   390931285   -514770637   -572406839   274638787   859464832   91617347 
-748097579   -370297763   116768578   32088411   -198711861   -921473458   -434668166   -952640780   -339668323   84073878   -590152847   38872583   -493736003   327681204   708224953   865568249   -71333157   -267016272   -839238202 
-674476337   759395880   310119249   41058233   -897346112   -620191452   -103198480   -635621416   -924045685   -519529823   -959475935   -944530909   729148101   -989591456   514647450   -246916863   609594890   -248967348   985952897 
17672760   -477205402   97730137   286561003   284936610   479187851   646949360   838540604   807867084   568923986   128364174   255682363   -470816500   -550481192   -543869873   -145413026   462526572   769412015   -722466683 
-781356458   943763928   995497429   -925221970   -771507318   -490003513   625289066   418499075   887250250   -350961542   -323665969   77147508   417481253   920032084   926600778   425630294   883939577   -934012411   -89743344 
-277089098   -509736525   729622366   -775185836   589133995   -745950074   -652989883   -889609825   -622964872   163466901   -593757553   956641182   -738341391   -403002161   -887711217   -632224750   -398108158   119004548   709397185 
983957708   876731341   212292078   -321241264   290218007   -672051689   -651323625   45533922   -781459641   -613393059   790356878   -416172657   -228123750   -595162756   30395349   112508745   -176161756   -886545619   -452242284 
19
636399644   698019714   457052045   -171262914   -896023056   43156848   -32899794   229125623   88372715   -319621162   108964119   956644749   802280035   733798452   204245190   -998486078   -77744950   -25696854   -779242059 
-532540058   -150512880   771783375   -802613057   404228382   310078971   -848427049   -215066416   765906344   384618994   362393654   692299642   462195092   -848178507   -116492260   723717102   -268538196   -268509030   -836869940 
-510764768   314645657   -509343391   -658498265   -531475133   914329994   222429105   97766442   -6950490   238976202   -966133698   -952251147   -459943397   220336065   629923565   571562595   649665845   68240151   -322309138 
67513170   118952077   -967785756   524053785   345016114   424182752   -297660602   573563264   -977711352   864617351   -749408851   -589419675   -269380981   965754177   -852298639   149413413   419964763   279438217   391400081 
830311131   187092334   -714554847   701959632   753446965   492911017   -373632557   -623219725   302468600   -242856000   -997125094   628908791   -869839817   948820312   774020122   -62255424   -664550203   -741142494   -340293810 
704343320   572951781   -650164355   48595184   274597490   296504891   -177334053   58135571   851989147   -686655472   -131180379   770987068   297757391   -496116569   369190985   985870712   -351986492   -167964783   -682243193 
-45556896   489265989   147903563   140013696   282979028   -60933987   963990056   -817955414   -714704087   532711471   -457191921   -20620878   257770830   -392572575   -83593295   -471719789   -25965954   182066978   -686375980 
-521922287   347963666   601133587   -670042506   694848173   48848685   385054362   -420648187   -638305056   144360150   452029263   184991634   -684800714   -801567659   979313292   -936319537   949032881   138743029   -365197269 
578522645   46780997   -947390097   -206865342   -900969019   -494195978   -197649123   621788307   606637531   -859109615   411281171   -511762062   90023873   864010000   -616782746   617132469   -396601757   -771301098   816430607 
634528542   984483191   -675879553   -42335996   96403989   673609459   966063604   849547331   -528588983   -73295607   -528588983   849547331   966063604   673609459   96403989   -42335996   -675879553   984483191   634528542 
816430607   -771301098   -396601757   617132469   -616782746   864010000   90023873   -511762062   411281171   -859109615   606637531   621788307   -197649123   -494195978   -900969019   -206865342   -947390097   46780997   578522645 
-365197269   138743029   949032881   -936319537   979313292   -801567659   -684800714   184991634   452029263   144360150   -638305056   -420648187   385054362   48848685   694848173   -670042506   601133587   347963666   -521922287 
-686375980   182066978   -25965954   -471719789   -83593295   -392572575   257770830   -20620878   -457191921   532711471   -714704087   -817955414   963990056   -60933987   282979028   140013696   147903563   489265989   -45556896 
-682243193   -167964783   -351986492   985870712   369190985   -496116569   297757391   770987068   -131180379   -686655472   851989147   58135571   -177334053   296504891   274597490   48595184   -650164355   572951781   704343320 
-340293810   -741142494   -664550203   -62255424   774020122   948820312   -869839817   628908791   -997125094   -242856000   302468600   -623219725   -373632557   492911017   753446965   701959632   -714554847   187092334   830311131 
391400081   279438217   419964763   149413413   -852298639   965754177   -269380981   -589419675   -749408851   864617351   -977711352   573563264   -297660602   424182752   345016114   524053785   -967785756   118952077   67513170 
-322309138   68240151   649665845   571562595   629923565   220336065   -459943397   -952251147   -966133698   238976202   -6950490   97766442   222429105   914329994   -531475133   -658498265   -509343391   314645657   -510764768 
-836869940   -268509030   -268538196   723717102   -116492260   -848178507   462195092   692299642   362393654   384618994   765906344   -215066416   -848427049   310078971   404228382   -802613057   771783375   -150512880   -532540058 
-779242059   -25696854   -77744950   -998486078   204245190   733798452   802280035   956644749   108964119   -319621162   88372715   229125623   -32899794   43156848   -896023056   -171262914   457052045   698019714   636399644 
19
935897243   -39757663   -464579267   635664497   584931754   -428061456   486309749   -392756091   -274861337   388408031   -450656121   940474915   -85387668   368196360   689074169   825959646   -28889384   -594392538   -487093684 
880738114   748793295   -623014064   47635857   28637206   963370767   203249948   101305136   -272537024   830348403   -721875626   660858355   -555130686   91424508   42399659   42276416   -702167916   -916133474   -61632339 
867963015   -398555918   865664201   -160083216   705077158   910440081   755344176   -11686113   -441161638   -393142378   645029770   907159429   124801818   111749282   -540010391   738684809   -736636570   954319126   743639054 
-523049639   946040925   -551376449   -765629814   -119584482   -133836975   356156186   928078390   130376982   186815444   509179207   -620044441   360242268   -372508542   384600267   484332503   280828884   326401525   672081479 
593647202   -695455338   -977969060   963506390   726231180   961770421   572941178   741235971   633957182   -286790190   240792550   -964996877   -880176859   -659516272   -208911698   756747188   710441500   542585674   113077070 
503303282   281040605   -916410892   -416008770   -860123235   -387323257   -865080385   -245596962   423886215   110265311   -551956995   794163561   155819087   529157028   716185036   -656953679   -144555028   -372583058   -897546765 
325282993   37213725   185698957   -917068037   -767401264   -624671177   438159930   661956296   -366930331   152575917   977122562   408289701   -459827475   -340462519   -870770646   -186412836   697847763   748500289   437125514 
103147916   -421996280   501270370   441956116   -762197764   584379186   -971780571   773385872   465286524   351715184   -951781818   -453280399   995909932   997715105   903816893   727869410   124968254   -745901995   -721634016 
683296373   -333634959   -533437853   -856099793   -912519308   -308579614   305585549   -153104193   -383296364   -633318241   -784822764   -580153333   315537003   -109202981   758496941   -692792193   730801451   -385875976   -562696990 
-947665831   451142832   -773184253   -799286784   788398484   -733892475   -684448354   -371369171   -824310245   554140424   -824310245   -371369171   -684448354   -733892475   788398484   -799286784   -773184253   451142832   -947665831 
-562696990   -385875976   730801451   -692792193   758496941   -109202981   315537003   -580153333   -784822764   -633318241   -383296364   -153104193   305585549   -308579614   -912519308   -856099793   -533437853   -333634959   683296373 
-721634016   -745901995   124968254   727869410   903816893   997715105   995909932   -453280399   -951781818   351715184   465286524   773385872   -971780571   584379186   -762197764   441956116   501270370   -421996280   103147916 
437125514   748500289   697847763   -186412836   -870770646   -340462519   -459827475   408289701   977122562   152575917   -366930331   661956296   438159930   -624671177   -767401264   -917068037   185698957   37213725   325282993 
-897546765   -372583058   -144555028   -656953679   716185036   529157028   155819087   794163561   -551956995   110265311   423886215   -245596962   -865080385   -387323257   -860123235   -416008770   -916410892   281040605   503303282 
113077070   542585674   710441500   756747188   -208911698   -659516272   -880176859   -964996877   240792550   -286790190   633957182   741235971   572941178   961770421   726231180   963506390   -977969060   -695455338   593647202 
672081479   326401525   280828884   484332503   384600267   -372508542   360242268   -620044441   509179207   186815444   130376982   928078390   356156186   -133836975   -119584482   -765629814   -551376449   946040925   -523049639 
743639054   954319126   -736636570   738684809   -540010391   111749282   124801818   907159429   645029770   -393142378   -441161638   -11686113   755344176   910440081   705077158   -160083216   865664201   -398555918   867963015 
-61632339   -916133474   -702167916   42276416   42399659   91424508   -555130686   660858355   -721875626   830348403   -272537024   101305136   203249948   963370767   28637206   47635857   -623014064   748793295   880738114 
-487093684   -594392538   -28889384   825959646   689074169   368196360   -85387668   940474915   -450656121   388408031   -274861337   -392756091   486309749   -428061456   584931754   635664497   -464579267   -39757663   935897243 
19
948166857   532705021   163936623   36562693   -58998520   409704473   -381144383   -461898778   -858757685   -392147348   838062579   -275649290   -593526472   688003602   -597962741   -689703064   64112308   480080863   847231777 
-114039083   -164097487   804239297   -877318631   993774301   626581544   -610988335   -779699099   329206113   333964937   398553148   485108431   438279508   -644216569   -539629519   -658768780   433557687   -147265003   -3817404 
-197385365   -385327838   -159557451   451508191   521728150   -605690724   221557254   -136443416   986795512   133383870   819828280   -392688519   556332229   194755776   616392069   -314195839   139995191   -517138848   -24788233 
-180600946   -237667935   -760967649   -587702494   949426214   833982051   740158770   -157220902   -906576873   332112315   -205326652   459428077   956268275   181253295   -959267796   271467301   -32136005   650687488   346496083 
-725325798   890724360   500584847   310828839   767691221   -206049144   -417077434   -591892393   780469307   -721976962   716946712   930979985   171661609   -431643794   -43581287   994442388   -966473015   -630936027   208501849 
397328224   345869226   -234023419   405144111   -34137254   809919644   -643286987   45368734   208512273   -836675228   -388350476   -93801716   -466402897   643765138   365090454   613511076   16531575   760655390   -200188839 
160076977   -440888454   -854323550   910482246   834986129   -113948496   404064350   312221044   -43193933   -580750750   -106652649   754836613   -969022688   -60859298   -215713980   -423196541   722795576   435014648   649003254 
-304957823   -41106559   -502250668   974132081   -756545794   787080034   43914185   150696249   228079971   -837955805   412008482   929487211   -353923685   -556830247   -370249595   -281562468   98644360   -710743710   348128928 
-773278015   47139144   919426837   734010177   175097504   -998629126   -546825696   921060365   774761521   -110362328   124177941   332290707   -34306519   -312019022   -403707704   -76063451   -550176239   -189840836   -38752412 
-239421809   875264237   -470564572   148323880   -692554222   777065729   -340021201   -66491346   -601024209   -697879937   -601024209   -66491346   -340021201   777065729   -692554222   148323880   -470564572   875264237   -239421809 
-38752412   -189840836   -550176239   -76063451   -403707704   -312019022   -34306519   332290707   124177941   -110362328   774761521   921060365   -546825696   -998629126   175097504   734010177   919426837   47139144   -773278015 
348128928   -710743710   98644360   -281562468   -370249595   -556830247   -353923685   929487211   412008482   -837955805   228079971   150696249   43914185   787080034   -756545794   974132081   -502250668   -41106559   -304957823 
649003254   435014648   722795576   -423196541   -215713980   -60859298   -969022688   754836613   -106652649   -580750750   -43193933   312221044   404064350   -113948496   834986129   910482246   -854323550   -440888454   160076977 
-200188839   760655390   16531575   613511076   365090454   643765138   -466402897   -93801716   -388350476   -836675228   208512273   45368734   -643286987   809919644   -34137254   405144111   -234023419   345869226   397328224 
208501849   -630936027   -966473015   994442388   -43581287   -431643794   171661609   930979985   716946712   -721976962   780469307   -591892393   -417077434   -206049144   767691221   310828839   500584847   890724360   -725325798 
346496083   650687488   -32136005   271467301   -959267796   181253295   956268275   459428077   -205326652   332112315   -906576873   -157220902   740158770   833982051   949426214   -587702494   -760967649   -237667935   -180600946 
-24788233   -517138848   139995191   -314195839   616392069   194755776   556332229   -392688519   819828280   133383870   986795512   -136443416   221557254   -605690724   521728150   451508191   -159557451   -385327838   -197385365 
-3817404   -147265003   433557687   -658768780   -539629519   -644216569   438279508   485108431   398553148   333964937   329206113   -779699099   -610988335   626581544   993774301   -877318631   804239297   -164097487   -114039083 
847231777   480080863   64112308   -689703064   -597962741   688003602   -593526472   -275649290   838062579   -392147348   -858757685   -461898778   -381144383   409704473   -58998520   36562693   163936623   532705021   948166857 
19
-361521411   978376883   801423751   932046215   406317109   128009356   -898588141   830876694   273626412   110370   -96149977   -408278977   162772592   21946345   -55724224   371146736   -711384739   -961174016   -432900736 
-139368815   -181389733   -830535980   23370004   -295845931   -719054392   795019119   424605984   731136199   452217889   325885521   -798719549   -976870437   944358245   344835592   -430390881   10107475   615615163   839916663 
-836251004   286389115   281801534   -197498405   -951960222   -967836172   -980911916   676771511   147310338   -836284922   -891619372   403706942   856374601   113152084   870032736   -61599605   -786191167   -435865287   -286758823 
22467078   736832679   -686909716   -66270728   -234299975   -664637485   -172902609   509695068   671776633   239210728   -574028137   274933100   673656211   -987430572   -133820255   -422682654   332875077   -74890590   377594119 
-354239481   -64299391   404014145   -389493621   -176931588   716899682   -851213557   -121995786   680898912   -51251251   935935172   541681714   328178354   -275728411   -749694440   913023186   161735837   515591804   -334085855 
193246059   970894560   29570733   397500082   892177405   -5159700   -799002310   -102398472   -250276385   17787328   224963668   872494530   -161018117   -696206610   -651503299   705480463   -23678346   -821133395   676385474 
-833497850   55475721   449879380   -457620027   374557668   -834755824   904223901   339489768   776307348   -755044772   -565693768   -431473124   -546296092   -34350342   -997176477   -279579261   -709963769   -740107407   -523621714 
-991645715   -951861663   508422135   -12800936   582196058   788996203   237463422   -689121892   698082672   368744820   703261472   972818691   909557278   -605980535   -639696805   -185214580   449765055   -455230571   295158144 
257832530   337887480   -142480023   127202565   -814030633   -633352653   242575090   -499304702   405931129   -280605876   -309754821   -763718261   -539677347   -60415755   614762574   744580843   152275678   -17656052   98083025 
413421456   759789320   120404019   952295542   -326905301   -564820413   -188683295   798549031   757987455   355430549   757987455   798549031   -188683295   -564820413   -326905301   952295542   120404019   759789320   413421456 
98083025   -17656052   152275678   744580843   614762574   -60415755   -539677347   -763718261   -309754821   -280605876   405931129   -499304702   242575090   -633352653   -814030633   127202565   -142480023   337887480   257832530 
295158144   -455230571   449765055   -185214580   -639696805   -605980535   909557278   972818691   703261472   368744820   698082672   -689121892   237463422   788996203   582196058   -12800936   508422135   -951861663   -991645715 
-523621714   -740107407   -709963769   -279579261   -997176477   -34350342   -546296092   -431473124   -565693768   -755044772   776307348   339489768   904223901   -834755824   374557668   -457620027   449879380   55475721   -833497850 
676385474   -821133395   -23678346   705480463   -651503299   -696206610   -161018117   872494530   224963668   17787328   -250276385   -102398472   -799002310   -5159700   892177405   397500082   29570733   970894560   193246059 
-334085855   515591804   161735837   913023186   -749694440   -275728411   328178354   541681714   935935172   -51251251   680898912   -121995786   -851213557   716899682   -176931588   -389493621   404014145   -64299391   -354239481 
377594119   -74890590   332875077   -422682654   -133820255   -987430572   673656211   274933100   -574028137   239210728   671776633   509695068   -172902609   -664637485   -234299975   -66270728   -686909716   736832679   22467078 
-286758823   -435865287   -786191167   -61599605   870032736   113152084   856374601   403706942   -891619372   -836284922   147310338   676771511   -980911916   -967836172   -951960222   -197498405   281801534   286389115   -836251004 
839916663   615615163   10107475   -430390881   344835592   944358245   -976870437   -798719549   325885521   452217889   731136199   424605984   795019119   -719054392   -295845931   23370004   -830535980   -181389733   -139368815 
-432900736   -961174016   -711384739   371146736   -55724224   21946345   162772592   -408278977   -96149977   110370   273626412   830876694   -898588141   128009356   406317109   932046215   801423751   978376883   -361521411 
19
-904136138   -709422127   294687155   -204093868   -645253115   259390789   764042168   17929421   777843997   -463651730   307951088   77995022   -443748560   -771733611   -297453881   -717662159   -538136   593423649   204320227 
-643398843   374628310   -489183846   -754002617   571709483   -614994103   211847435   -312111864   484811086   395459925   743331926   82677047   591593797   -127160538   -777498892   114820632   -80179740   285898912   823887580 
-505187415   5239728   -568875528   -225069502   72632448   -703823681   -917536243   -916065019   -297827787   778924037   712739027   664250885   21108999   232097034   522715547   600206994   -673963147   -373220208   836783245 
-305678970   -153204242   614268333   304575140   -586391680   -983512323   89208208   528471470   124740039   709618817   275137889   -633606919   -948482601   -939344863   -633574323   -146939407   679687151   231280374   826299285 
-862342109   -194476431   -184831637   -599397048   -165446805   -973823630   344080429   -896247715   413184853   466324354   -605380860   -648704760   197499824   465270547   603951460   880100033   562155988   506086368   -517264478 
-372553671   449132592   -505793230   -957965285   758146166   947662235   226590287   717847340   355385079   307393653   215216684   414867217   635188892   -582669691   723748487   318479565   682852755   322413852   -718746551 
-605876916   -154795159   -340003905   -169830271   883870048   -603044271   -548430505   192980779   -128124789   660191308   -116839144   -312974097   -573212906   146579080   905906007   -492904954   -47997953   486614261   -129663559 
866624813   849358554   312081755   950020647   -759805783   -320058385   -508319359   -166738250   -574927892   799183499   -391965933   -657070618   -860843649   866879628   -781022901   677165729   -240338727   113461516   -225517883 
583424126   855856292   752679135   406991084   140859441   -803796380   -238226017   -249791430   -412818197   287230333   510971300   195170894   -460020175   849900738   -942057487   -210525374   609809876   -976091574   -322613705 
707901455   -725495005   -875192425   -358734041   53417451   -825689403   329608513   -90747659   -519054914   383797182   -519054914   -90747659   329608513   -825689403   53417451   -358734041   -875192425   -725495005   707901455 
-322613705   -976091574   609809876   -210525374   -942057487   849900738   -460020175   195170894   510971300   287230333   -412818197   -249791430   -238226017   -803796380   140859441   406991084   752679135   855856292   583424126 
-225517883   113461516   -240338727   677165729   -781022901   866879628   -860843649   -657070618   -391965933   799183499   -574927892   -166738250   -508319359   -320058385   -759805783   950020647   312081755   849358554   866624813 
-129663559   486614261   -47997953   -492904954   905906007   146579080   -573212906   -312974097   -116839144   660191308   -128124789   192980779   -548430505   -603044271   883870048   -169830271   -340003905   -154795159   -605876916 
-718746551   322413852   682852755   318479565   723748487   -582669691   635188892   414867217   215216684   307393653   355385079   717847340   226590287   947662235   758146166   -957965285   -505793230   449132592   -372553671 
-517264478   506086368   562155988   880100033   603951460   465270547   197499824   -648704760   -605380860   466324354   413184853   -896247715   344080429   -973823630   -165446805   -599397048   -184831637   -194476431   -862342109 
826299285   231280374   679687151   -146939407   -633574323   -939344863   -948482601   -633606919   275137889   709618817   124740039   528471470   89208208   -983512323   -586391680   304575140   614268333   -153204242   -305678970 
836783245   -373220208   -673963147   600206994   522715547   232097034   21108999   664250885   712739027   778924037   -297827787   -916065019   -917536243   -703823681   72632448   -225069502   -568875528   5239728   -505187415 
823887580   285898912   -80179740   114820632   -777498892   -127160538   591593797   82677047   743331926   395459925   484811086   -312111864   211847435   -614994103   571709483   -754002617   -489183846   374628310   -643398843 
204320227   593423649   -538136   -717662159   -297453881   -771733611   -443748560   77995022   307951088   -463651730   777843997   17929421   764042168   259390789   -645253115   -204093868   294687155   -709422127   -904136138 
19
568506891   -78832408   209328829   274521025   65588972   -155698699   733122917   752410314   -284397270   454461652   -335533844   -946341734   -40331399   -234457183   98221656   -442608689   -600635394   107375499   -451884076 
-776079548   -749830011   -445859629   -859918197   141329135   339102982   -251993410   825550157   -405101536   956180371   -514485722   408858119   -97890037   -853029469   -882852496   22231619   392036703   325332286   350955534 
-561488067   -372840591   231598334   458351041   140616872   -406283172   634300391   -831690728   451531220   418223543   37834051   -492646931   27611187   599772365   660093565   -953833481   938639255   -925021458   -24419050 
450888507   50886863   -929959211   577130586   -512693785   307908995   497967097   688723617   -747103460   -370849091   100913562   258045558   -438289950   982461940   810354612   363333320   278102595   -800224836   967877968 
463764153   -656667758   -642533454   -526168656   837845447   111148871   -443874345   624842129   997131697   -477307407   -793279146   702161145   445708699   401249851   -121023600   61504007   341421179   -201478348   -60167700 
340628717   324473139   997699689   -179180681   -630176205   -308026132   -48495249   -661787643   905010114   112423955   -548702372   -562202259   935651792   -254513844   308425350   988888727   -690639497   899863205   396168061 
-829445484   -569251595   -673982041   -548359468   265728341   593303915   613153582   -255345048   81024054   943292359   444186073   -716941450   -687317951   101914570   238756978   -319394556   -151533887   -88975565   -903288442 
368001149   238730856   -135041194   -729475749   380439378   67729782   -120426302   496968833   905501654   -103173551   698101323   -710976604   730218447   -179576167   101954481   902026387   763563736   506665940   143010000 
922044156   914435591   -992099581   669267742   901140216   -615305681   -422031828   -422549559   549743404   568477561   -251123916   315966773   427075743   -616552882   582930237   157343207   -653348226   -876353794   498019793 
-930536053   168864212   836999441   -424067882   -492550924   -14373899   124116707   -964243436   983467096   14098640   983467096   -964243436   124116707   -14373899   -492550924   -424067882   836999441   168864212   -930536053 
498019793   -876353794   -653348226   157343207   582930237   -616552882   427075743   315966773   -251123916   568477561   549743404   -422549559   -422031828   -615305681   901140216   669267742   -992099581   914435591   922044156 
143010000   506665940   763563736   902026387   101954481   -179576167   730218447   -710976604   698101323   -103173551   905501654   496968833   -120426302   67729782   380439378   -729475749   -135041194   238730856   368001149 
-903288442   -88975565   -151533887   -319394556   238756978   101914570   -687317951   -716941450   444186073   943292359   81024054   -255345048   613153582   593303915   265728341   -548359468   -673982041   -569251595   -829445484 
396168061   899863205   -690639497   988888727   308425350   -254513844   935651792   -562202259   -548702372   112423955   905010114   -661787643   -48495249   -308026132   -630176205   -179180681   997699689   324473139   340628717 
-60167700   -201478348   341421179   61504007   -121023600   401249851   445708699   702161145   -793279146   -477307407   997131697   624842129   -443874345   111148871   837845447   -526168656   -642533454   -656667758   463764153 
967877968   -800224836   278102595   363333320   810354612   982461940   -438289950   258045558   100913562   -370849091   -747103460   688723617   497967097   307908995   -512693785   577130586   -929959211   50886863   450888507 
-24419050   -925021458   938639255   -953833481   660093565   599772365   27611187   -492646931   37834051   418223543   451531220   -831690728   634300391   -406283172   140616872   458351041   231598334   -372840591   -561488067 
350955534   325332286   392036703   22231619   -882852496   -853029469   -97890037   408858119   -514485722   956180371   -405101536   825550157   -251993410   339102982   141329135   -859918197   -445859629   -749830011   -776079548 
-451884076   107375499   -600635394   -442608689   98221656   -234457183   -40331399   -946341734   -335533844   454461652   -284397270   752410314   733122917   -155698699   65588972   274521025   209328829   -78832408   568506891 
19
-257997625   -276496939   -436590660   -604537301   -666196902   671688709   -567213632   786793273   -61014295   -236097640   14174984   935254392   773636714   -140891542   378482332   -601512345   439672176   233017129   -880303009 
375901429   82851564   -142507961   246118801   969319534   398124743   526929999   -388503517   185973752   356581227   -237937725   -516795235   525643190   -87707435   524016140   754071098   561319398   -709774073   203125552 
-459915253   -396156729   717271282   -808583660   -83671190   -270337896   74926134   67195576   722105119   -563550521   19770398   258362998   -472144033   -137076889   748422683   -679780067   -350819692   -785601460   209403685 
-449630239   864662911   -729826591   -698201210   -544281087   -44780942   -224527040   -664453775   -934226917   -389772328   252718987   -115949857   468745611   -871536493   -878212457   585781005   269620535   119090331   775670725 
-63051001   -932544929   -383184779   518862513   160511977   637690805   185478441   -527908450   -158227932   248923504   917476447   -568378252   -700954073   -369684659   766930721   352003909   -403334837   338163513   -917542961 
-507657730   -117054295   -8864403   741719894   -376098869   -265158150   -977029677   408248842   -981108300   827554774   -568685371   599233498   -643532431   -557379425   512484111   -535765100   -828377842   -203122492   -925496508 
-933410094   -516399776   -508073267   429077874   552913529   317032926   142366068   -88881937   -227755502   518570332   -278492693   582967474   117421151   -724276432   -105141843   522937179   474876978   766548667   606448913 
-811418275   917173237   -355253998   -366410622   209277236   -510834584   -141286631   85305036   -642712752   347303414   -693205128   -736642150   -225553194   755556750   67959208   -230795919   236483352   272860249   -668717736 
-341242435   247706739   -929336935   -831182593   -982334278   -924273075   334747217   584247177   -762635685   522244347   344989300   928249680   -240182095   -915376272   548664545   488863377   501160896   743262997   583899420 
799065185   926524110   30503861   298492369   -955899985   590673844   -916177413   88702994   621931744   -397432055   621931744   88702994   -916177413   590673844   -955899985   298492369   30503861   926524110   799065185 
583899420   743262997   501160896   488863377   548664545   -915376272   -240182095   928249680   344989300   522244347   -762635685   584247177   334747217   -924273075   -982334278   -831182593   -929336935   247706739   -341242435 
-668717736   272860249   236483352   -230795919   67959208   755556750   -225553194   -736642150   -693205128   347303414   -642712752   85305036   -141286631   -510834584   209277236   -366410622   -355253998   917173237   -811418275 
606448913   766548667   474876978   522937179   -105141843   -724276432   117421151   582967474   -278492693   518570332   -227755502   -88881937   142366068   317032926   552913529   429077874   -508073267   -516399776   -933410094 
-925496508   -203122492   -828377842   -535765100   512484111   -557379425   -643532431   599233498   -568685371   827554774   -981108300   408248842   -977029677   -265158150   -376098869   741719894   -8864403   -117054295   -507657730 
-917542961   338163513   -403334837   352003909   766930721   -369684659   -700954073   -568378252   917476447   248923504   -158227932   -527908450   185478441   637690805   160511977   518862513   -383184779   -932544929   -63051001 
775670725   119090331   269620535   585781005   -878212457   -871536493   468745611   -115949857   252718987   -389772328   -934226917   -664453775   -224527040   -44780942   -544281087   -698201210   -729826591   864662911   -449630239 
209403685   -785601460   -350819692   -679780067   748422683   -137076889   -472144033   258362998   19770398   -563550521   722105119   67195576   74926134   -270337896   -83671190   -808583660   717271282   -396156729   -459915253 
203125552   -709774073   561319398   754071098   524016140   -87707435   525643190   -516795235   -237937725   356581227   185973752   -388503517   526929999   398124743   969319534   246118801   -142507961   82851564   375901429 
-880303009   233017129   439672176   -601512345   378482332   -140891542   773636714   935254392   14174984   -236097640   -61014295   786793273   -567213632   671688709   -666196902   -604537301   -436590660   -276496939   -257997625 
-1
