19
594991316   991269408   686537572   188911050   332433675   -134872109   155956806   -637223684   134190186   193853493   17672180   923090238   -71304445   -340266818   -723662380   -368870110   -907220153   -130171541   -77956502 
533717702   -796343543   879942208   989700037   -247986753   -616496710   -11889665   702474388   520903846   -136441290   -332379634   -321513829   -549168140   -887308249   -563879419   470154291   -483301144   -380693303   192295943 
-305686733   -635527432   -690066880   -222672367   -802766354   700406574   -727307861   748788061   418634941   -376510762   845825073   -164948540   -76064276   -215051336   126890486   10750478   634518025   -603052238   355180081 
501967739   145251904   410955060   -106570776   298754958   860242315   -633911721   591385053   764533815   -520944952   -399307594   -983605725   -270581889   -318135945   13466607   715261244   -904058355   -408992209   -999043032 
-581643734   -175073819   -278675043   -769398818   523605092   840491402   -830280563   67608724   -600397669   773976274   239520760   -405055088   297730629   -232972094   -331404883   208698230   30451889   -7753085   -57766424 
-418280533   -369987216   -428457509   -669437715   -57024958   -472721285   -468163811   -883782907   -39503817   95878371   -930740679   -75790264   289799485   -24455860   933288177   820419410   918673367   383336223   174496111 
673690914   470581510   -888637271   -534355021   -133397415   -401262923   951301681   -55942426   -252511204   899198633   -577286181   -530990598   73944522   803477012   720590715   -536932542   153363751   837741238   442812013 
436337203   939063198   -401623465   -408555516   134164251   -57497689   29787072   -452955998   505261107   -991358472   -756926401   506552497   -585686336   542969569   -743337413   247018201   531054855   208697035   376940060 
362700303   -337984401   309484049   -274515292   360442481   427380869   23422230   -871349201   783340924   -684269424   22818008   145870446   -477811755   -746896182   94017221   858014281   -792803893   -440257849   921079932 
720843682   -869913444   -527321443   974111056   232895260   351674925   262306998   377420789   -673356509   -112296436   -673356509   377420789   262306998   351674925   232895260   974111056   -527321443   -869913444   720843682 
921079932   -440257849   -792803893   858014281   94017221   -746896182   -477811755   145870446   22818008   -684269424   783340924   -871349201   23422230   427380869   360442481   -274515292   309484049   -337984401   362700303 
376940060   208697035   531054855   247018201   -743337413   542969569   -585686336   506552497   -756926401   -991358472   505261107   -452955998   29787072   -57497689   134164251   -408555516   -401623465   939063198   436337203 
442812013   837741238   153363751   -536932542   720590715   803477012   73944522   -530990598   -577286181   899198633   -252511204   -55942426   951301681   -401262923   -133397415   -534355021   -888637271   470581510   673690914 
174496111   383336223   918673367   820419410   933288177   -24455860   289799485   -75790264   -930740679   95878371   -39503817   -883782907   -468163811   -472721285   -57024958   -669437715   -428457509   -369987216   -418280533 
-57766424   -7753085   30451889   208698230   -331404883   -232972094   297730629   -405055088   239520760   773976274   -600397669   67608724   -830280563   840491402   523605092   -769398818   -278675043   -175073819   -581643734 
-999043032   -408992209   -904058355   715261244   13466607   -318135945   -270581889   -983605725   -399307594   -520944952   764533815   591385053   -633911721   860242315   298754958   -106570776   410955060   145251904   501967739 
355180081   -603052238   634518025   10750478   126890486   -215051336   -76064276   -164948540   845825073   -376510762   418634941   748788061   -727307861   700406574   -802766354   -222672367   -690066880   -635527432   -305686733 
192295943   -380693303   -483301144   470154291   -563879419   -887308249   -549168140   -321513829   -332379634   -136441290   520903846   702474388   -11889665   -616496710   -247986753   989700037   879942208   -796343543   533717702 
-77956502   -130171541   -907220153   -368870110   -723662380   -340266818   -71304445   923090238   17672180   193853493   134190186   -637223684   155956806   -134872109   332433675   188911050   686537572   991269408   594991316 
19
-826554053   -918042712   -477334085   529578611   -93101597   815023962   224771073   480811427   -915119757   -136558770   2620611   463955831   -175373764   250647889   -21186844   -469889034   657553077   443834198   331116926 
28826902   -310283136   -826366296   -227010653   978926414   752260784   -905950025   996741165   452213846   973033694   254595132   11373733   848477686   -119973038   -387822930   390878130   992258573   -849477459   14419003 
-621411924   -624874480   566342555   -928702772   828141203   -912927925   90571461   235657915   -27232311   447239755   240778654   489681971   522752890   132405810   -540513343   568842663   950039006   -922165142   219123404 
-487299479   861951434   34807381   -625064011   -793500714   177724365   710398617   -906714179   -760625974   -566417375   127341627   -832490814   931006536   -222243478   416727376   -219649556   717070972   -289187843   -183211902 
-961099666   -325156896   -723085015   181249560   194619905   -377699219   520775910   433768659   -884123462   447618030   -377620671   -977375073   15160432   -319605300   -313595383   -742225357   867849988   -903375024   -415527100 
804646699   -168972588   714992281   297589980   113956899   357116134   -130264665   931099864   796104025   -385460757   -22314087   -139916289   958982720   560798941   -974300333   -85877887   332687064   -284050030   251814660 
783427803   -353101685   538403812   380160763   27272325   -532664049   372897823   911292374   -531378100   -70348784   -827980301   586978565   324103728   660945942   687168537   -904603204   349504510   196293440   -796557116 
-441295266   -792918283   359428756   449304430   703955008   13828428   114934750   429684487   -277170013   -874521787   232165758   425254122   -715161340   -181885091   -64484235   13584462   -627580506   -114483663   429531327 
-635900244   626497154   -345632716   -9476705   887293852   363012384   198845876   -548185854   -857170115   -756019910   156815256   -819787184   561764721   -126814295   -24594524   -500586230   -653797883   488533388   742080983 
-455907835   -470528502   -681916677   417395434   -294429165   507491609   21210888   -2451347   711768946   815531256   711768946   -2451347   21210888   507491609   -294429165   417395434   -681916677   -470528502   -455907835 
742080983   488533388   -653797883   -500586230   -24594524   -126814295   561764721   -819787184   156815256   -756019910   -857170115   -548185854   198845876   363012384   887293852   -9476705   -345632716   626497154   -635900244 
429531327   -114483663   -627580506   13584462   -64484235   -181885091   -715161340   425254122   232165758   -874521787   -277170013   429684487   114934750   13828428   703955008   449304430   359428756   -792918283   -441295266 
-796557116   196293440   349504510   -904603204   687168537   660945942   324103728   586978565   -827980301   -70348784   -531378100   911292374   372897823   -532664049   27272325   380160763   538403812   -353101685   783427803 
251814660   -284050030   332687064   -85877887   -974300333   560798941   958982720   -139916289   -22314087   -385460757   796104025   931099864   -130264665   357116134   113956899   297589980   714992281   -168972588   804646699 
-415527100   -903375024   867849988   -742225357   -313595383   -319605300   15160432   -977375073   -377620671   447618030   -884123462   433768659   520775910   -377699219   194619905   181249560   -723085015   -325156896   -961099666 
-183211902   -289187843   717070972   -219649556   416727376   -222243478   931006536   -832490814   127341627   -566417375   -760625974   -906714179   710398617   177724365   -793500714   -625064011   34807381   861951434   -487299479 
219123404   -922165142   950039006   568842663   -540513343   132405810   522752890   489681971   240778654   447239755   -27232311   235657915   90571461   -912927925   828141203   -928702772   566342555   -624874480   -621411924 
14419003   -849477459   992258573   390878130   -387822930   -119973038   848477686   11373733   254595132   973033694   452213846   996741165   -905950025   752260784   978926414   -227010653   -826366296   -310283136   28826902 
331116926   443834198   657553077   -469889034   -21186844   250647889   -175373764   463955831   2620611   -136558770   -915119757   480811427   224771073   815023962   -93101597   529578611   -477334085   -918042712   -826554053 
19
-382819031   -118555169   -800207620   698661394   307752238   -947480500   -882551303   -749745350   252937988   11400779   337697038   -790404002   988568021   -224189308   838975079   -955697749   -433628286   -928091772   907049095 
-485496262   173351256   -78589432   -733087213   725319660   38420737   -297769775   687865258   346190428   559258731   971300066   -101378112   207007275   -905775384   -843182399   848553294   -789169474   643079879   -998588495 
-581229652   235126379   -478559947   -786730569   -180961988   562814152   140467535   331795544   -975639343   -523525755   -727772185   -991587285   -3108684   -929788947   -182220672   -600831991   33072141   23376904   -865110080 
-322841483   18904542   928477460   333404579   861485204   -686607889   991783163   863985512   -204081500   -232872651   -436629501   636087536   848311429   300328248   628128790   571305225   -969421695   -732581350   -893351493 
893128600   -568951908   226812945   -267436130   -758573289   867774837   888024759   -658321246   -700803691   411189259   -63178532   810007201   -422092921   661235599   428766428   159430477   925024791   521839846   721745935 
-2911997   -663993016   -661808086   505138101   -886943819   384941918   -300100245   -342153664   -669099102   -403355405   -780244478   139154411   936713552   246300972   -228945261   199858013   -867960246   177013603   635663395 
660536301   702460893   -554969853   -527493426   -801655281   971737122   40656338   890434725   32943277   456714598   247483058   315623152   214111174   384715889   156401254   799614747   631446577   302817831   -993284615 
442367983   42813127   862327831   71784727   917437414   349349780   -130719772   -292716440   716846250   960514955   512670280   185167286   -580173844   -913327522   -140858905   -720721270   640352143   -379955674   308107580 
504262694   436537237   -250202795   123253600   -82918482   -634724720   -770710132   703728778   83641056   990871369   -17775598   -350022480   -374596898   -976200496   751291731   426454936   944166710   -329833324   -376244037 
702181881   -717768889   -601416506   -656503492   209317132   988555240   516636701   -411891003   -318416121   -875816144   -318416121   -411891003   516636701   988555240   209317132   -656503492   -601416506   -717768889   702181881 
-376244037   -329833324   944166710   426454936   751291731   -976200496   -374596898   -350022480   -17775598   990871369   83641056   703728778   -770710132   -634724720   -82918482   123253600   -250202795   436537237   504262694 
308107580   -379955674   640352143   -720721270   -140858905   -913327522   -580173844   185167286   512670280   960514955   716846250   -292716440   -130719772   349349780   917437414   71784727   862327831   42813127   442367983 
-993284615   302817831   631446577   799614747   156401254   384715889   214111174   315623152   247483058   456714598   32943277   890434725   40656338   971737122   -801655281   -527493426   -554969853   702460893   660536301 
635663395   177013603   -867960246   199858013   -228945261   246300972   936713552   139154411   -780244478   -403355405   -669099102   -342153664   -300100245   384941918   -886943819   505138101   -661808086   -663993016   -2911997 
721745935   521839846   925024791   159430477   428766428   661235599   -422092921   810007201   -63178532   411189259   -700803691   -658321246   888024759   867774837   -758573289   -267436130   226812945   -568951908   893128600 
-893351493   -732581350   -969421695   571305225   628128790   300328248   848311429   636087536   -436629501   -232872651   -204081500   863985512   991783163   -686607889   861485204   333404579   928477460   18904542   -322841483 
-865110080   23376904   33072141   -600831991   -182220672   -929788947   -3108684   -991587285   -727772185   -523525755   -975639343   331795544   140467535   562814152   -180961988   -786730569   -478559947   235126379   -581229652 
-998588495   643079879   -789169474   848553294   -843182399   -905775384   207007275   -101378112   971300066   559258731   346190428   687865258   -297769775   38420737   725319660   -733087213   -78589432   173351256   -485496262 
907049095   -928091772   -433628286   -955697749   838975079   -224189308   988568021   -790404002   337697038   11400779   252937988   -749745350   -882551303   -947480500   307752238   698661394   -800207620   -118555169   -382819031 
19
685286848   -207273085   -324242258   -548969764   -56558050   934728965   411163501   -658108420   -643060880   967824840   -543316376   -976005463   121156729   62357989   497609357   -786711337   253388342   -463826048   -549580382 
-99457252   309145993   -774237152   333670430   844343309   -552668734   505969223   259090012   -646183647   228550765   -917634620   29276041   682559316   -480557578   35504776   -405387   112587398   -74828602   -719730206 
542652185   -134531413   -47514544   -605501915   396750156   530746889   264193772   -633210736   -822671913   -307508275   -437666147   91018091   -422375654   -494528985   -460251083   963200901   439002305   619659631   660337764 
61050687   -89236008   -755791147   -257381784   -225353800   -844876642   99226828   449989944   88836829   851287893   -849095136   727499863   888641496   -473052404   42841146   337026384   201894644   512598597   -930704533 
620063856   -274952369   -870773967   -203305739   118819839   418214436   83546514   185326180   -916827261   -166370398   -156199443   106950576   179040299   245862187   -259323127   -572740223   -249427942   -862538937   -492851147 
-769784848   906671832   628957311   -921160935   -573407970   754904290   -504477391   597029480   361856577   492364706   -292926187   384761582   -442923817   193505359   -529329860   994080433   -699022121   215065710   -306082735 
-277558750   -828263659   358788634   -901533140   -383598820   749261930   -157385166   142649988   646673642   393588144   440269586   -574137236   214738036   801581204   -918009671   522820245   379106247   80177349   955370804 
-339813358   -347791922   190658217   226460049   -974709124   441689896   -64580215   311363798   -307752788   715153529   496733645   800494416   -603936503   118330681   -142523772   -227161537   390802644   492715762   559360477 
417049552   -538055990   133347600   -685049763   303969138   381653703   -629007682   883922903   905633260   -735593040   772034147   -271504767   641684601   848011670   646254637   454226836   435095887   -884660302   -151840097 
968716461   -301156456   -15222984   -404929297   -263178003   174705847   9596150   -541362337   -661163981   661970054   -661163981   -541362337   9596150   174705847   -263178003   -404929297   -15222984   -301156456   968716461 
-151840097   -884660302   435095887   454226836   646254637   848011670   641684601   -271504767   772034147   -735593040   905633260   883922903   -629007682   381653703   303969138   -685049763   133347600   -538055990   417049552 
559360477   492715762   390802644   -227161537   -142523772   118330681   -603936503   800494416   496733645   715153529   -307752788   311363798   -64580215   441689896   -974709124   226460049   190658217   -347791922   -339813358 
955370804   80177349   379106247   522820245   -918009671   801581204   214738036   -574137236   440269586   393588144   646673642   142649988   -157385166   749261930   -383598820   -901533140   358788634   -828263659   -277558750 
-306082735   215065710   -699022121   994080433   -529329860   193505359   -442923817   384761582   -292926187   492364706   361856577   597029480   -504477391   754904290   -573407970   -921160935   628957311   906671832   -769784848 
-492851147   -862538937   -249427942   -572740223   -259323127   245862187   179040299   106950576   -156199443   -166370398   -916827261   185326180   83546514   418214436   118819839   -203305739   -870773967   -274952369   620063856 
-930704533   512598597   201894644   337026384   42841146   -473052404   888641496   727499863   -849095136   851287893   88836829   449989944   99226828   -844876642   -225353800   -257381784   -755791147   -89236008   61050687 
660337764   619659631   439002305   963200901   -460251083   -494528985   -422375654   91018091   -437666147   -307508275   -822671913   -633210736   264193772   530746889   396750156   -605501915   -47514544   -134531413   542652185 
-719730206   -74828602   112587398   -405387   35504776   -480557578   682559316   29276041   -917634620   228550765   -646183647   259090012   505969223   -552668734   844343309   333670430   -774237152   309145993   -99457252 
-549580382   -463826048   253388342   -786711337   497609357   62357989   121156729   -976005463   -543316376   967824840   -643060880   -658108420   411163501   934728965   -56558050   -548969764   -324242258   -207273085   685286848 
19
390395685   -940184129   -467281809   -878936342   114769215   50922033   576005164   3410417   -378899916   869684143   -694780010   6446476   -736354504   -91947543   487750713   793346771   403994231   964374838   -465294767 
-916477640   678915934   -775643516   556194377   902303671   107578991   -352920233   -194367361   751016617   -804084097   818766368   -661508842   602869914   -586885978   -459688856   514137568   414867610   884183963   -206920923 
-542396483   679084275   -765311722   -763571843   57873262   -461792614   -711051836   -651747247   -598979121   492575310   -267026169   -316130130   -525324852   999566656   893672727   -419708720   423816120   603182152   -725350199 
-437662661   223746961   171131920   125334182   -904931502   938626115   322326924   893043311   -523219148   836346958   -554111463   -707230083   -971656509   741019005   -34198973   47610413   72423349   -870297988   702475996 
505628501   588616231   230379892   -856678424   36648464   -252643586   578272123   776511635   -577856035   -291910070   -557562869   950394012   10839937   373084363   688300560   838597007   351072240   476962561   489055338 
-411982160   -728064310   824993271   689727335   254668412   742405794   -513203004   -389647584   492336666   459573390   -754797843   -520193512   -81908556   707350351   238576006   -615474562   380786380   717950003   905056297 
-168788137   -243111801   -764163435   -580870710   985726748   703216255   733932162   -975376927   752168021   972877911   818693781   -866079581   200944075   818917671   145853512   -61429025   -655165378   -208068350   -883132252 
541082216   -840263379   775439614   563141287   309577311   537747235   115533323   91926750   -314768215   981373721   -449862988   -266435805   -68056651   202024313   -231677040   463954723   250210657   64576479   473705088 
-406278426   -917140743   975956337   528048418   725720625   -268705783   529367145   785230941   -283834183   -793355300   227986019   -520940100   -753334218   -937002129   -190719280   819626364   -752590351   804005824   -28065454 
-234105836   -135715787   -48523719   617149167   -122281768   -932529728   653959926   831226335   -926959762   748004167   -926959762   831226335   653959926   -932529728   -122281768   617149167   -48523719   -135715787   -234105836 
-28065454   804005824   -752590351   819626364   -190719280   -937002129   -753334218   -520940100   227986019   -793355300   -283834183   785230941   529367145   -268705783   725720625   528048418   975956337   -917140743   -406278426 
473705088   64576479   250210657   463954723   -231677040   202024313   -68056651   -266435805   -449862988   981373721   -314768215   91926750   115533323   537747235   309577311   563141287   775439614   -840263379   541082216 
-883132252   -208068350   -655165378   -61429025   145853512   818917671   200944075   -866079581   818693781   972877911   752168021   -975376927   733932162   703216255   985726748   -580870710   -764163435   -243111801   -168788137 
905056297   717950003   380786380   -615474562   238576006   707350351   -81908556   -520193512   -754797843   459573390   492336666   -389647584   -513203004   742405794   254668412   689727335   824993271   -728064310   -411982160 
489055338   476962561   351072240   838597007   688300560   373084363   10839937   950394012   -557562869   -291910070   -577856035   776511635   578272123   -252643586   36648464   -856678424   230379892   588616231   505628501 
702475996   -870297988   72423349   47610413   -34198973   741019005   -971656509   -707230083   -554111463   836346958   -523219148   893043311   322326924   938626115   -904931502   125334182   171131920   223746961   -437662661 
-725350199   603182152   423816120   -419708720   893672727   999566656   -525324852   -316130130   -267026169   492575310   -598979121   -651747247   -711051836   -461792614   57873262   -763571843   -765311722   679084275   -542396483 
-206920923   884183963   414867610   514137568   -459688856   -586885978   602869914   -661508842   818766368   -804084097   751016617   -194367361   -352920233   107578991   902303671   556194377   -775643516   678915934   -916477640 
-465294767   964374838   403994231   793346771   487750713   -91947543   -736354504   6446476   -694780010   869684143   -378899916   3410417   576005164   50922033   114769215   -878936342   -467281809   -940184129   390395685 
19
-313299515   -717508732   -488545424   840397850   164771514   908897317   602633564   -647279326   441781282   350625509   512202136   -505092886   -810562715   -700873482   -784816681   620168488   96502833   542201185   887774693 
122862737   -761714533   -483213209   316236254   826991864   -962524039   -510431341   607925969   321494818   -284500967   545390121   511626112   -954999474   360499685   -419518822   342168057   -160713217   -905504733   616891858 
-58496027   808276192   -39209288   -799250946   794717468   -348814837   -50569700   209131418   266885497   768811348   984014727   -159443187   -737377258   653168785   -616519084   20481074   738844555   914931492   -241804648 
179530570   189068356   -887444018   -428865795   706949242   -57716661   935785158   40105836   267011330   65262598   449563519   -423914856   -157151239   -643027547   11969543   883662126   182935412   594975555   -185863516 
-547889232   513615934   108639194   -999536380   -462827832   879509734   712809765   -3872801   -821372393   -469434732   384332779   699797206   -979089327   -399229241   -526398667   -217009263   -895744697   278010690   293251912 
226334332   -127271585   513390139   155952638   -726619273   277244165   -344342636   -351895686   -412648953   -859802031   -208896228   -116783505   427594421   -752326211   641595636   -937985943   277088173   -780522952   572074699 
247369753   999209589   -385898626   -744563771   -948960785   -589690172   86188608   -661758494   -856208126   213337105   819850648   -587397709   960130149   -460433909   -38279298   317656601   638593216   -435539508   390415415 
-509282770   -916313901   291891502   963908406   620659932   -968791387   -67296270   -161844720   -872724833   -306402807   611208974   -470076110   287794215   484105238   -134602539   759941234   -118957153   -245254992   -869274343 
332745032   -942019840   704495521   376361701   -258953290   -537601047   -812569315   -843103574   -53922613   662327406   10204551   -914814144   844315029   818406542   817142625   -226812773   -598758428   -707958776   104644512 
50370790   -255429587   625436296   822301578   -811828017   600791031   -860322865   -684886479   983831108   518798162   983831108   -684886479   -860322865   600791031   -811828017   822301578   625436296   -255429587   50370790 
104644512   -707958776   -598758428   -226812773   817142625   818406542   844315029   -914814144   10204551   662327406   -53922613   -843103574   -812569315   -537601047   -258953290   376361701   704495521   -942019840   332745032 
-869274343   -245254992   -118957153   759941234   -134602539   484105238   287794215   -470076110   611208974   -306402807   -872724833   -161844720   -67296270   -968791387   620659932   963908406   291891502   -916313901   -509282770 
390415415   -435539508   638593216   317656601   -38279298   -460433909   960130149   -587397709   819850648   213337105   -856208126   -661758494   86188608   -589690172   -948960785   -744563771   -385898626   999209589   247369753 
572074699   -780522952   277088173   -937985943   641595636   -752326211   427594421   -116783505   -208896228   -859802031   -412648953   -351895686   -344342636   277244165   -726619273   155952638   513390139   -127271585   226334332 
293251912   278010690   -895744697   -217009263   -526398667   -399229241   -979089327   699797206   384332779   -469434732   -821372393   -3872801   712809765   879509734   -462827832   -999536380   108639194   513615934   -547889232 
-185863516   594975555   182935412   883662126   11969543   -643027547   -157151239   -423914856   449563519   65262598   267011330   40105836   935785158   -57716661   706949242   -428865795   -887444018   189068356   179530570 
-241804648   914931492   738844555   20481074   -616519084   653168785   -737377258   -159443187   984014727   768811348   266885497   209131418   -50569700   -348814837   794717468   -799250946   -39209288   808276192   -58496027 
616891858   -905504733   -160713217   342168057   -419518822   360499685   -954999474   511626112   545390121   -284500967   321494818   607925969   -510431341   -962524039   826991864   316236254   -483213209   -761714533   122862737 
887774693   542201185   96502833   620168488   -784816681   -700873482   -810562715   -505092886   512202136   350625509   441781282   -647279326   602633564   908897317   164771514   840397850   -488545424   -717508732   -313299515 
19
-101681423   801459425   315437627   469162173   245377396   -885906887   -67431730   256264056   600604143   687798246   -292164396   78157132   679284946   846673441   -623394045   227795581   -946018802   918631693   -841870546 
9239416   323270039   -125940478   -803507393   683484586   691656385   532626577   432008419   142752246   -184148128   193220614   -492895158   339196251   -63609528   711450623   -657289319   64895929   777395839   361571079 
807990960   805094440   348373827   813975139   345221365   -143467608   -797545355   -883695626   -469367789   966797059   155678286   352442976   82547036   434953717   490812007   -18634943   281870686   421891180   -445991945 
-518497929   -538780024   -61088436   227538213   -77851648   515330054   -989640044   442322653   930336602   8231593   882543388   -564288692   -666724609   -614564782   586969941   939265885   -262227466   42624023   -852299917 
-951768135   -291329628   -52065499   816815545   -740054243   444849145   94106475   -296116022   215416901   -264922453   -900052737   698383938   796756520   -111949390   345252236   -166721863   847367466   -327402396   414382777 
-855412171   -183681947   349688929   937877948   375607015   -424030692   356845451   305367741   559744709   94772052   338944118   258929320   219686911   548215517   -293447925   -341554118   305892359   351176055   859660473 
728357588   180591259   -722284646   -751095761   765436304   154896260   733093768   895429753   402870893   130429715   638578991   -553629678   -436083973   312963094   75965406   85836444   179603096   -134545089   876642869 
134110297   -38849659   549006615   416771189   896410496   -468845580   249928872   431281764   387490063   357727614   342652520   -126238637   103232862   -324979071   394699999   -367313116   562685548   177878284   714386289 
390970463   279599922   540231161   876522960   207189228   -281517357   600483372   -770536045   510161452   87718893   -599855296   82159958   -372440487   737853788   -728931412   -849480082   -700462190   -480714760   780750430 
-915544697   908420799   179141068   336761509   -485027775   -46767799   -322420160   -51277878   -352502550   678034825   -352502550   -51277878   -322420160   -46767799   -485027775   336761509   179141068   908420799   -915544697 
780750430   -480714760   -700462190   -849480082   -728931412   737853788   -372440487   82159958   -599855296   87718893   510161452   -770536045   600483372   -281517357   207189228   876522960   540231161   279599922   390970463 
714386289   177878284   562685548   -367313116   394699999   -324979071   103232862   -126238637   342652520   357727614   387490063   431281764   249928872   -468845580   896410496   416771189   549006615   -38849659   134110297 
876642869   -134545089   179603096   85836444   75965406   312963094   -436083973   -553629678   638578991   130429715   402870893   895429753   733093768   154896260   765436304   -751095761   -722284646   180591259   728357588 
859660473   351176055   305892359   -341554118   -293447925   548215517   219686911   258929320   338944118   94772052   559744709   305367741   356845451   -424030692   375607015   937877948   349688929   -183681947   -855412171 
414382777   -327402396   847367466   -166721863   345252236   -111949390   796756520   698383938   -900052737   -264922453   215416901   -296116022   94106475   444849145   -740054243   816815545   -52065499   -291329628   -951768135 
-852299917   42624023   -262227466   939265885   586969941   -614564782   -666724609   -564288692   882543388   8231593   930336602   442322653   -989640044   515330054   -77851648   227538213   -61088436   -538780024   -518497929 
-445991945   421891180   281870686   -18634943   490812007   434953717   82547036   352442976   155678286   966797059   -469367789   -883695626   -797545355   -143467608   345221365   813975139   348373827   805094440   807990960 
361571079   777395839   64895929   -657289319   711450623   -63609528   339196251   -492895158   193220614   -184148128   142752246   432008419   532626577   691656385   683484586   -803507393   -125940478   323270039   9239416 
-841870546   918631693   -946018802   227795581   -623394045   846673441   679284946   78157132   -292164396   687798246   600604143   256264056   -67431730   -885906887   245377396   469162173   315437627   801459425   -101681423 
19
88073731   935746330   -814669839   -283889007   -728991393   -624974348   -184499711   -631155462   765970911   -422355304   841023584   -786148466   -673522329   760964862   929911375   169934452   105353697   522784040   -940014190 
580680441   783812574   -747721508   553232727   -624864448   526921417   -852904644   -446128354   13823949   -30113917   -136120144   -453935774   -76125257   75354299   993451003   -77707412   231561411   815278703   -605049987 
960097355   988900696   88622193   473726556   197176329   364863161   927779602   561032580   -614241998   892965410   820579741   612117063   424232645   -128750985   173256402   -17087726   -662939224   -169730501   -783620969 
389633807   -19152473   -401690612   27034779   613982665   -209378933   835335621   65856477   -646410837   -569602085   909295812   915707186   317167804   -11032619   -46084383   495292386   805153943   -849695383   -611224579 
-864669175   178899933   -922129252   -22017759   -135653716   -984020562   206897881   375910943   -195315306   974654233   873120147   -568556974   105340367   467695929   -364654792   627806891   20760461   -687882148   -445605752 
-927564487   -376537470   331531623   -180139259   -565257592   78043154   479930894   -255441953   -290991955   353325050   851156145   828695583   19594932   523790525   703798510   798501496   -816377913   -825687286   -749150095 
-877482426   -830535740   982383467   961182695   -319887334   -105887084   842636118   -376075632   -187771278   -12184217   5409212   729429981   589234120   279222029   -283429521   986499833   -170332916   378432493   -679853117 
533175033   -258002601   190153471   280926775   933049674   282965624   350614255   -965401581   107192633   619205610   -320294579   -270294466   434968556   393750634   356430520   -910386192   -955729580   198222571   -828619415 
246161387   -689446759   934141592   626221275   -688103142   773055166   997906294   572600898   309860104   598095333   925517955   55424390   -953212737   905142735   -273674885   -821894323   404692850   -337891979   937218596 
644288868   -687302956   -262048930   275888167   487362930   -106214067   -733060652   -924431552   32209962   -654909091   32209962   -924431552   -733060652   -106214067   487362930   275888167   -262048930   -687302956   644288868 
937218596   -337891979   404692850   -821894323   -273674885   905142735   -953212737   55424390   925517955   598095333   309860104   572600898   997906294   773055166   -688103142   626221275   934141592   -689446759   246161387 
-828619415   198222571   -955729580   -910386192   356430520   393750634   434968556   -270294466   -320294579   619205610   107192633   -965401581   350614255   282965624   933049674   280926775   190153471   -258002601   533175033 
-679853117   378432493   -170332916   986499833   -283429521   279222029   589234120   729429981   5409212   -12184217   -187771278   -376075632   842636118   -105887084   -319887334   961182695   982383467   -830535740   -877482426 
-749150095   -825687286   -816377913   798501496   703798510   523790525   19594932   828695583   851156145   353325050   -290991955   -255441953   479930894   78043154   -565257592   -180139259   331531623   -376537470   -927564487 
-445605752   -687882148   20760461   627806891   -364654792   467695929   105340367   -568556974   873120147   974654233   -195315306   375910943   206897881   -984020562   -135653716   -22017759   -922129252   178899933   -864669175 
-611224579   -849695383   805153943   495292386   -46084383   -11032619   317167804   915707186   909295812   -569602085   -646410837   65856477   835335621   -209378933   613982665   27034779   -401690612   -19152473   389633807 
-783620969   -169730501   -662939224   -17087726   173256402   -128750985   424232645   612117063   820579741   892965410   -614241998   561032580   927779602   364863161   197176329   473726556   88622193   988900696   960097355 
-605049987   815278703   231561411   -77707412   993451003   75354299   -76125257   -453935774   -136120144   -30113917   13823949   -446128354   -852904644   526921417   -624864448   553232727   -747721508   783812574   580680441 
-940014190   522784040   105353697   169934452   929911375   760964862   -673522329   -786148466   841023584   -422355304   765970911   -631155462   -184499711   -624974348   -728991393   -283889007   -814669839   935746330   88073731 
19
-793953324   -63349197   -990599900   -796467461   332158191   -243253546   431868396   871999535   294205002   -862419001   -891473471   228439353   28332682   -580606428   -259457901   -844073930   -263763045   769621981   562312023 
-949173946   -305133775   -371839115   -534755818   -582162729   507160142   229013665   423058858   818332705   -681847398   657457632   196324144   410834006   -692067884   -459603199   -325340075   -921529210   -367664573   -679575111 
424634896   521929360   -970540817   -240444351   -133836197   767080148   973076634   301056531   -376382056   972599173   451566468   -980876948   -598741160   -461209058   843175476   -121072818   11943721   257988813   -780889283 
-530252048   593647014   650717349   -730751765   -495865718   945844283   223733905   -781315422   557541832   -754253030   390040132   851541934   -610682961   -514053102   -310607878   818998230   -382696696   413172594   44126837 
-910058887   -274358124   -302840198   603181817   -250730224   636039863   438386177   -674674201   -707474147   -168894818   105836061   -553705609   582263915   542246347   368525052   -212915316   76104813   65870579   -678148532 
-658574171   -558328551   834645501   786251798   156969902   -503348540   687711909   3022057   -765071670   18064093   758064745   670054418   -437198626   168846309   597435189   -35621577   -763727157   -63612478   -269066546 
772647585   -726946175   -433084595   819076975   -383350843   -759114145   336812576   -143381296   -60564524   126741175   644720979   -473316873   -665058102   -973091757   -589765263   -450360633   934673762   -753056054   -619936201 
671563044   -474044880   853131214   414453457   199280659   -907149050   -146025197   -156045754   738789070   -230101966   -731370675   645367680   -667596844   -727126680   -25578648   -146299264   -324797029   302966965   -743088889 
-745988581   33503716   -464863053   -334578016   -21813054   655749790   -687319557   -342222450   370041199   411443405   -495551985   -13900304   232165655   -188757408   630068466   748225274   -653016119   944253829   217575319 
-681841783   413349777   -778174127   -322311057   -947270114   725042787   -28940133   -58572586   -276640338   739890334   -276640338   -58572586   -28940133   725042787   -947270114   -322311057   -778174127   413349777   -681841783 
217575319   944253829   -653016119   748225274   630068466   -188757408   232165655   -13900304   -495551985   411443405   370041199   -342222450   -687319557   655749790   -21813054   -334578016   -464863053   33503716   -745988581 
-743088889   302966965   -324797029   -146299264   -25578648   -727126680   -667596844   645367680   -731370675   -230101966   738789070   -156045754   -146025197   -907149050   199280659   414453457   853131214   -474044880   671563044 
-619936201   -753056054   934673762   -450360633   -589765263   -973091757   -665058102   -473316873   644720979   126741175   -60564524   -143381296   336812576   -759114145   -383350843   819076975   -433084595   -726946175   772647585 
-269066546   -63612478   -763727157   -35621577   597435189   168846309   -437198626   670054418   758064745   18064093   -765071670   3022057   687711909   -503348540   156969902   786251798   834645501   -558328551   -658574171 
-678148532   65870579   76104813   -212915316   368525052   542246347   582263915   -553705609   105836061   -168894818   -707474147   -674674201   438386177   636039863   -250730224   603181817   -302840198   -274358124   -910058887 
44126837   413172594   -382696696   818998230   -310607878   -514053102   -610682961   851541934   390040132   -754253030   557541832   -781315422   223733905   945844283   -495865718   -730751765   650717349   593647014   -530252048 
-780889283   257988813   11943721   -121072818   843175476   -461209058   -598741160   -980876948   451566468   972599173   -376382056   301056531   973076634   767080148   -133836197   -240444351   -970540817   521929360   424634896 
-679575111   -367664573   -921529210   -325340075   -459603199   -692067884   410834006   196324144   657457632   -681847398   818332705   423058858   229013665   507160142   -582162729   -534755818   -371839115   -305133775   -949173946 
562312023   769621981   -263763045   -844073930   -259457901   -580606428   28332682   228439353   -891473471   -862419001   294205002   871999535   431868396   -243253546   332158191   -796467461   -990599900   -63349197   -793953324 
19
-110293154   -921195830   864843964   514549955   -390315202   -312745119   734271117   -277549673   -236818953   656590592   669591389   546858967   -131321661   -510646404   408429302   -291585675   380889792   892883039   285037625 
738243111   414017380   -891734141   278329181   -763800143   505949493   559732292   -183445823   -787534470   -55610420   -975010853   140301117   817610104   -23282716   168302566   -668762730   311261336   -331154286   -999668127 
768250347   887685777   157193844   -825286768   -86005820   184010461   934276844   676883633   -786684778   -25872298   868744352   548505516   -495206542   -750904260   556645198   406421353   594660246   -650189491   -756602919 
-991907926   -395309264   994367746   838858271   -424282644   -857860116   -214745224   -368581186   -701317293   112243134   317935292   -248053943   -225327128   848475277   601445660   703375727   -834441764   519189159   906744465 
-675445436   -163219907   -769927082   -351344790   914175869   -411897696   159377448   -512390170   404185245   -577221131   674547366   467218348   -435846667   -661938101   -486217265   441919340   259000617   -123256468   -13889446 
282767046   -175495561   119942109   67079187   -655798772   105880882   810988749   -984709427   392254728   327534990   -253455600   -591133693   -309569440   221801791   140891030   47695064   -886015183   293277859   383649552 
-26684504   230321275   -815440052   -586388872   -753525001   -718522384   -288919102   -467812887   -587744895   786391182   766905816   725312629   -822933554   -569550146   164775292   -843094905   -876122944   572314154   -891943852 
-570411164   924773024   -101999428   -37064446   441499151   -418744833   -81388527   449048665   -611564667   -316704281   385478066   -401204646   -153255973   244343438   139501389   -956020056   887924980   5341393   -412960438 
-92058686   855231870   -586755259   468366623   -278509414   -216931106   762509565   -416158490   -77926884   929078689   -395713621   50293438   479962552   -105540007   -469000963   -893182026   -683083649   -211741208   956738758 
290503959   953573395   -315670513   -163668553   -801222403   -17445896   -344523562   254521240   -768980774   107565053   -768980774   254521240   -344523562   -17445896   -801222403   -163668553   -315670513   953573395   290503959 
956738758   -211741208   -683083649   -893182026   -469000963   -105540007   479962552   50293438   -395713621   929078689   -77926884   -416158490   762509565   -216931106   -278509414   468366623   -586755259   855231870   -92058686 
-412960438   5341393   887924980   -956020056   139501389   244343438   -153255973   -401204646   385478066   -316704281   -611564667   449048665   -81388527   -418744833   441499151   -37064446   -101999428   924773024   -570411164 
-891943852   572314154   -876122944   -843094905   164775292   -569550146   -822933554   725312629   766905816   786391182   -587744895   -467812887   -288919102   -718522384   -753525001   -586388872   -815440052   230321275   -26684504 
383649552   293277859   -886015183   47695064   140891030   221801791   -309569440   -591133693   -253455600   327534990   392254728   -984709427   810988749   105880882   -655798772   67079187   119942109   -175495561   282767046 
-13889446   -123256468   259000617   441919340   -486217265   -661938101   -435846667   467218348   674547366   -577221131   404185245   -512390170   159377448   -411897696   914175869   -351344790   -769927082   -163219907   -675445436 
906744465   519189159   -834441764   703375727   601445660   848475277   -225327128   -248053943   317935292   112243134   -701317293   -368581186   -214745224   -857860116   -424282644   838858271   994367746   -395309264   -991907926 
-756602919   -650189491   594660246   406421353   556645198   -750904260   -495206542   548505516   868744352   -25872298   -786684778   676883633   934276844   184010461   -86005820   -825286768   157193844   887685777   768250347 
-999668127   -331154286   311261336   -668762730   168302566   -23282716   817610104   140301117   -975010853   -55610420   -787534470   -183445823   559732292   505949493   -763800143   278329181   -891734141   414017380   738243111 
285037625   892883039   380889792   -291585675   408429302   -510646404   -131321661   546858967   669591389   656590592   -236818953   -277549673   734271117   -312745119   -390315202   514549955   864843964   -921195830   -110293154 
-1
