5
701334949   336923011   -818285424   -220832112   679697788 
34645   342152426   -869209293   387913308   420413963 
829756282   -496077626   466929838   -496077626   829756282 
420413963   387913308   -869209293   342152426   34645 
679697788   -220832112   -818285424   336923011   701334949 
5
617563900   590692245   570558341   366871376   852905233 
307906582   988546832   -289502679   -710761058   109151033 
400896550   -319688435   315145828   -319688435   400896550 
109151033   -710761058   -289502679   988546832   307906582 
852905233   366871376   570558341   590692245   617563900 
5
651480186   976835588   -638700791   311055487   -319758484 
-726825456   200937714   -617438630   -973384301   -398048089 
-10423762   -886543823   -437688015   -886543823   -10423762 
-398048089   -973384301   -617438630   200937714   -726825456 
-319758484   311055487   -638700791   976835588   651480186 
5
254944755   -536736146   -155246565   -122679871   -935505574 
-933912410   -717348449   -223486034   -99093824   -619096463 
-732206953   -474242195   353143663   -474242195   -732206953 
-619096463   -99093824   -223486034   -717348449   -933912410 
-935505574   -122679871   -155246565   -536736146   254944755 
5
-130364272   976260428   971916851   807101326   466818110 
464442002   -393275781   828977261   974029204   -857861040 
-987297167   49055822   337558152   49055822   -987297167 
-857861040   974029204   828977261   -393275781   464442002 
466818110   807101326   971916851   976260428   -130364272 
6
128435519   -398013818   -887600255   -512860423   -612818641   521561843 
749921595   677255222   -281997275   -145521865   221889348   805938437 
-251163469   -521631362   600069605   267386130   83295245   636882454 
636882454   83295245   267386130   600069605   -521631362   -251163469 
805938437   221889348   -145521865   -281997275   677255222   749921595 
521561843   -612818641   -512860423   -887600255   -398013818   128435519 
6
-329266033   611696779   433169620   775489386   -286809556   633658179 
-308451110   338719495   -828312420   -271695602   81941743   854822624 
371045121   -617035778   729736597   833692623   -174339637   -971230461 
-971230461   -174339637   833692623   729736597   -617035778   371045121 
854822624   81941743   -271695602   -828312420   338719495   -308451110 
633658179   -286809556   775489386   433169620   611696779   -329266033 
6
-640236672   -231625983   44075751   -395274627   -842661453   -997198856 
-362060985   657542193   -945818638   126551632   685022152   251410239 
-519975778   617727597   -153026632   -188231007   -595506670   -62097221 
-62097221   -595506670   -188231007   -153026632   617727597   -519975778 
251410239   685022152   126551632   -945818638   657542193   -362060985 
-997198856   -842661453   -395274627   44075751   -231625983   -640236672 
6
-757028362   -597838784   731951625   73988387   -312927524   -474063024 
-279922259   429606710   -167706046   936072156   -540883082   294730210 
-754996619   603972033   -424158786   -125901072   -227204471   271436254 
271436254   -227204471   -125901072   -424158786   603972033   -754996619 
294730210   -540883082   936072156   -167706046   429606710   -279922259 
-474063024   -312927524   73988387   731951625   -597838784   -757028362 
6
496130289   -561597875   507325114   625624498   555408506   -816874929 
-98290338   967120141   228339510   857241184   -289115666   2639771 
-144748744   585234367   -316413589   -821245378   -63402115   -629035578 
-629035578   -63402115   -821245378   -316413589   585234367   -144748744 
2639771   -289115666   857241184   228339510   967120141   -98290338 
-816874929   555408506   625624498   507325114   -561597875   496130289 
-1
