20
296650931   435125575   210907710   -626182410   11333574   117658700   -434631888   923836121   -755306661   877003832   -229548275   260800074   48667809   873852490   596343651   392810964   -39781114   -643612832   842933096   -180809805 
-820437459   -545765441   802275162   73873253   659917122   -552455456   -192279719   -339617351   322588201   502193426   -73527739   814346327   119487281   -783843002   -786408666   855388565   -996043011   -64840305   753205081   494534012 
288479248   306239919   126716951   993169895   560505166   -645617537   179847106   -610618833   -51275968   123968847   -573114134   -617949991   169733051   863872993   592664660   -75578974   636911201   -976468334   925022302   407497151 
378529337   730474555   235101201   -219275743   -202437367   684483099   336624660   -356704985   -619071120   -130550838   738785486   -282856376   -761022957   583441682   583098465   -64550006   985363900   -78027511   604434052   -402027266 
799672825   -177821762   -785890308   -977339971   -381205319   -874155627   -847987728   -648864068   -118816151   556149082   736468844   -958099619   -109863205   -552890327   702529169   -960685760   356743183   959914968   -130428020   695365251 
-837299890   -544619341   995506272   131250560   126058223   -174789166   -365310031   -901422425   816495857   782742502   331800198   261735457   -687088508   -475690198   995514910   -406837642   -603449434   -906753815   498808067   -699804953 
-58084593   91247859   350643640   486935018   796609421   231474191   -182975873   923971849   730576701   361454799   -358956878   -761694137   649054580   300794810   -140648484   436611591   -238919914   773196811   70174838   -876958999 
748827465   -870389132   126178034   900065073   -156068865   461119538   -736499220   -805583651   -861224826   622376077   -482113221   78096944   710018072   -898324866   -805911812   824859014   -500415221   -377614586   844272363   -166717762 
-547532717   850719316   343593023   51481946   640423389   -485829409   991310319   -360598595   297741174   852308497   -445634527   -272573117   250074978   887297907   -747238064   992475486   -905047191   849540145   -61375192   424185146 
-789629617   -225649647   991653417   116374434   468941797   -427348053   319122955   5388630   -853035724   -578711000   940689278   -614893649   204979056   -182267860   -697958833   -333826319   917191916   -339058487   424056096   949706000 
949706000   424056096   -339058487   917191916   -333826319   -697958833   -182267860   204979056   -614893649   940689278   -578711000   -853035724   5388630   319122955   -427348053   468941797   116374434   991653417   -225649647   -789629617 
424185146   -61375192   849540145   -905047191   992475486   -747238064   887297907   250074978   -272573117   -445634527   852308497   297741174   -360598595   991310319   -485829409   640423389   51481946   343593023   850719316   -547532717 
-166717762   844272363   -377614586   -500415221   824859014   -805911812   -898324866   710018072   78096944   -482113221   622376077   -861224826   -805583651   -736499220   461119538   -156068865   900065073   126178034   -870389132   748827465 
-876958999   70174838   773196811   -238919914   436611591   -140648484   300794810   649054580   -761694137   -358956878   361454799   730576701   923971849   -182975873   231474191   796609421   486935018   350643640   91247859   -58084593 
-699804953   498808067   -906753815   -603449434   -406837642   995514910   -475690198   -687088508   261735457   331800198   782742502   816495857   -901422425   -365310031   -174789166   126058223   131250560   995506272   -544619341   -837299890 
695365251   -130428020   959914968   356743183   -960685760   702529169   -552890327   -109863205   -958099619   736468844   556149082   -118816151   -648864068   -847987728   -874155627   -381205319   -977339971   -785890308   -177821762   799672825 
-402027266   604434052   -78027511   985363900   -64550006   583098465   583441682   -761022957   -282856376   738785486   -130550838   -619071120   -356704985   336624660   684483099   -202437367   -219275743   235101201   730474555   378529337 
407497151   925022302   -976468334   636911201   -75578974   592664660   863872993   169733051   -617949991   -573114134   123968847   -51275968   -610618833   179847106   -645617537   560505166   993169895   126716951   306239919   288479248 
494534012   753205081   -64840305   -996043011   855388565   -786408666   -783843002   119487281   814346327   -73527739   502193426   322588201   -339617351   -192279719   -552455456   659917122   73873253   802275162   -545765441   -820437459 
-180809805   842933096   -643612832   -39781114   392810964   596343651   873852490   48667809   260800074   -229548275   877003832   -755306661   923836121   -434631888   117658700   11333574   -626182410   210907710   435125575   296650931 
20
225404469   -136157110   -906093231   243069071   619749678   -163847096   566955833   555487823   84659834   519599601   653442953   479642453   -843588858   139821951   -300181667   170050105   -622305693   -62123454   890999086   260671308 
-545620650   167239750   -161627055   728118845   28780594   289820481   -410619052   45381353   643811584   -901864375   216564267   -724136674   -849762747   647347452   825542822   614613545   -710366392   -140300702   205585156   -329614038 
-876631430   764548663   -202902733   983414944   864176368   -923986424   235019861   181726689   648083538   560895473   -666613174   -112423883   458449762   -419210379   -934575105   807662611   610587976   416793956   159026925   -19703103 
-693547461   -679855743   -922622649   527541785   598047700   -514650256   -794680927   998806403   -923112230   387911704   -971273305   786369733   902582997   221969811   -224199960   317895242   -815538929   -229955085   66388847   847056065 
-589432963   828199872   509069454   618180599   -448478426   -195661880   648521731   -10890892   -628626774   885212851   386594583   689502156   -949192010   501690385   115264478   -778783011   161145895   537684221   195240114   -959880204 
-950453634   283670333   -40938571   37210910   793322492   -445573890   -14557940   -753416634   79309522   153775104   20728785   12047954   -946779300   850823438   755345547   911216552   -56028823   -343797029   850573598   -882628251 
598955566   242953864   -590019448   600573673   546209913   -660420618   18138481   230148228   -316846141   919108265   137959479   -780423125   -529404266   -467492252   649693915   -729188399   606806333   -185622671   183393848   780633936 
643492592   837098796   312051100   -557865819   -253051780   -838916655   -198405665   675346502   788684628   -51317664   207934260   -886505577   816738765   -940796890   -512855748   995116856   -122148984   -35140362   -839630269   -595692894 
956675653   -752047681   986302349   -155570962   -649210923   -5350579   -897514668   436518722   -970114585   663346232   111483914   742576173   627092457   -21332223   -253458063   -649826489   -929497123   -645038259   -886113878   992832883 
-524069372   -747443460   -131509701   -993042843   -491055959   -62838521   -925579467   473102235   850840629   660485683   134897402   -643634290   293258925   553860478   -727671588   -816356267   492481357   -914254182   -302140954   640072965 
640072965   -302140954   -914254182   492481357   -816356267   -727671588   553860478   293258925   -643634290   134897402   660485683   850840629   473102235   -925579467   -62838521   -491055959   -993042843   -131509701   -747443460   -524069372 
992832883   -886113878   -645038259   -929497123   -649826489   -253458063   -21332223   627092457   742576173   111483914   663346232   -970114585   436518722   -897514668   -5350579   -649210923   -155570962   986302349   -752047681   956675653 
-595692894   -839630269   -35140362   -122148984   995116856   -512855748   -940796890   816738765   -886505577   207934260   -51317664   788684628   675346502   -198405665   -838916655   -253051780   -557865819   312051100   837098796   643492592 
780633936   183393848   -185622671   606806333   -729188399   649693915   -467492252   -529404266   -780423125   137959479   919108265   -316846141   230148228   18138481   -660420618   546209913   600573673   -590019448   242953864   598955566 
-882628251   850573598   -343797029   -56028823   911216552   755345547   850823438   -946779300   12047954   20728785   153775104   79309522   -753416634   -14557940   -445573890   793322492   37210910   -40938571   283670333   -950453634 
-959880204   195240114   537684221   161145895   -778783011   115264478   501690385   -949192010   689502156   386594583   885212851   -628626774   -10890892   648521731   -195661880   -448478426   618180599   509069454   828199872   -589432963 
847056065   66388847   -229955085   -815538929   317895242   -224199960   221969811   902582997   786369733   -971273305   387911704   -923112230   998806403   -794680927   -514650256   598047700   527541785   -922622649   -679855743   -693547461 
-19703103   159026925   416793956   610587976   807662611   -934575105   -419210379   458449762   -112423883   -666613174   560895473   648083538   181726689   235019861   -923986424   864176368   983414944   -202902733   764548663   -876631430 
-329614038   205585156   -140300702   -710366392   614613545   825542822   647347452   -849762747   -724136674   216564267   -901864375   643811584   45381353   -410619052   289820481   28780594   728118845   -161627055   167239750   -545620650 
260671308   890999086   -62123454   -622305693   170050105   -300181667   139821951   -843588858   479642453   653442953   519599601   84659834   555487823   566955833   -163847096   619749678   243069071   -906093231   -136157110   225404469 
20
693980383   -533741074   -351814384   621309688   41098679   107098794   -817798028   950610357   28317876   967729251   -852884848   -502063169   -752684892   -791484669   -180951551   219328679   -989301619   -484333233   754681510   -166598455 
-916776185   -902710512   417189825   923910321   -650004438   -651678700   -893669530   127631774   271443544   -399402595   785017552   151806654   -399536882   889573283   -61563784   989867692   316243561   307400773   -890932254   -379904416 
699332974   289599696   57958033   -526749798   412112691   191535238   670167666   -828440059   -466796230   764938906   579923706   626422162   -314542945   -840065069   235618607   839871201   -907210253   445319111   444261293   569972249 
212443355   -697773746   -913283534   -306762825   586127835   84300018   -587900296   -238708569   47584154   -703454959   -826184893   138146278   -80215080   865099383   754814502   -31125880   -178312337   501434627   352957270   455638179 
-683164677   -606918749   493254934   -450208358   751343426   -522125914   18418694   -629197068   702138126   -681918148   -245415907   -109279117   -942657529   -311016928   -230582281   871528844   839061674   -530893008   -691459356   -298297000 
-463636332   -703423478   566931959   674855231   293768183   364110021   993079212   599914549   -627051719   982443585   -646220673   139016836   -641455705   502261594   -506050978   184433551   914009753   126119241   417784493   488226392 
575675497   -192671680   -59047690   643492145   -388012133   -134400205   445506935   274255357   964654715   -245715196   -29932580   -396706615   972095452   -775587738   -526219476   101303608   -244052989   329799134   -557298053   -408723429 
-818096384   -863227482   -351963423   70278202   55043807   684735463   978174581   991010024   198736619   -399844787   236752172   275871295   690733175   -261010243   -653180449   33910814   -638727496   -999295135   584924253   947092404 
-610154360   -930275522   722756018   133899352   -681002455   918885049   -740261153   -960715792   -4231132   -59568796   -536500897   732508766   756193406   -466713981   905526830   -136476847   -801649584   967688146   -448769071   868238691 
-760634921   775601110   582522575   -502490491   466887459   -897109591   537271493   -750159821   985813328   588549640   352948173   -75064673   -142877171   -34361896   298901817   -77611672   422911458   544614265   -381181390   -897340600 
-897340600   -381181390   544614265   422911458   -77611672   298901817   -34361896   -142877171   -75064673   352948173   588549640   985813328   -750159821   537271493   -897109591   466887459   -502490491   582522575   775601110   -760634921 
868238691   -448769071   967688146   -801649584   -136476847   905526830   -466713981   756193406   732508766   -536500897   -59568796   -4231132   -960715792   -740261153   918885049   -681002455   133899352   722756018   -930275522   -610154360 
947092404   584924253   -999295135   -638727496   33910814   -653180449   -261010243   690733175   275871295   236752172   -399844787   198736619   991010024   978174581   684735463   55043807   70278202   -351963423   -863227482   -818096384 
-408723429   -557298053   329799134   -244052989   101303608   -526219476   -775587738   972095452   -396706615   -29932580   -245715196   964654715   274255357   445506935   -134400205   -388012133   643492145   -59047690   -192671680   575675497 
488226392   417784493   126119241   914009753   184433551   -506050978   502261594   -641455705   139016836   -646220673   982443585   -627051719   599914549   993079212   364110021   293768183   674855231   566931959   -703423478   -463636332 
-298297000   -691459356   -530893008   839061674   871528844   -230582281   -311016928   -942657529   -109279117   -245415907   -681918148   702138126   -629197068   18418694   -522125914   751343426   -450208358   493254934   -606918749   -683164677 
455638179   352957270   501434627   -178312337   -31125880   754814502   865099383   -80215080   138146278   -826184893   -703454959   47584154   -238708569   -587900296   84300018   586127835   -306762825   -913283534   -697773746   212443355 
569972249   444261293   445319111   -907210253   839871201   235618607   -840065069   -314542945   626422162   579923706   764938906   -466796230   -828440059   670167666   191535238   412112691   -526749798   57958033   289599696   699332974 
-379904416   -890932254   307400773   316243561   989867692   -61563784   889573283   -399536882   151806654   785017552   -399402595   271443544   127631774   -893669530   -651678700   -650004438   923910321   417189825   -902710512   -916776185 
-166598455   754681510   -484333233   -989301619   219328679   -180951551   -791484669   -752684892   -502063169   -852884848   967729251   28317876   950610357   -817798028   107098794   41098679   621309688   -351814384   -533741074   693980383 
20
500072924   784904629   771315876   821166105   868658645   99200656   -575572078   -473973007   -829454874   -946020587   -842758788   98439072   -370609602   -515813073   -505730051   644056274   317881522   260759464   -884087586   153197010 
-777455005   734267114   -572718094   -253261602   -670195262   873873992   68022612   -2582495   191672465   -554511073   -1818489   -167662767   -938118620   -679577624   -499419575   93335794   689891550   648969692   490092389   -591185445 
422886549   -115769648   -333726151   404333677   -863438207   751569608   -959618873   -179618395   840078500   236285359   184035427   613557205   -310680074   333293442   -950336492   653932723   -421408608   -500293409   974705411   -361444488 
-280510540   461948615   533463191   39556576   821248668   605595975   -784754541   261361015   402334117   689227530   910948649   -623812779   -791003245   -413068519   659732217   639897504   586954312   -182441353   -696004218   -745059227 
504331074   -806650688   -275023469   791366041   61368592   -431218495   147925519   910518903   -815906972   594999370   633866467   759905878   929932414   446300075   -619240536   911199057   -427875716   757868917   940743780   -119416935 
-981987112   501389288   -182655690   661469399   -27051265   -763842819   -49898106   984045644   264286281   907954183   -319847296   -903049963   551909897   -847903555   463953261   269858392   175098731   -351988113   -856902646   -561947078 
529131012   855380737   -838863385   -733474335   510392257   -4041946   -527158916   -274932322   -903284936   -29751711   -900222692   -799719198   907170083   519644393   -609533786   291435925   -995307490   -724017391   -813608945   307897825 
145327498   639763050   -633084988   -180855021   -478871836   377289088   -335249672   -813241952   212045443   824441969   -141210299   225711743   975382079   -461123926   486719029   -993017688   709593011   -782963530   725855817   670041860 
-448728309   351841511   -612471158   421410411   712805141   -110990078   -302385361   900514820   -176837732   308476385   -93904950   766541522   -946672624   -859495124   -975236073   197944389   -910211650   423421749   511226286   850735843 
709552573   179998848   -391022840   -983130155   879404476   14182038   596549425   74249942   39184311   5567625   -397141226   143324745   -514948204   628507781   -921431105   -470541528   786187256   -944340610   -532229107   652009533 
652009533   -532229107   -944340610   786187256   -470541528   -921431105   628507781   -514948204   143324745   -397141226   5567625   39184311   74249942   596549425   14182038   879404476   -983130155   -391022840   179998848   709552573 
850735843   511226286   423421749   -910211650   197944389   -975236073   -859495124   -946672624   766541522   -93904950   308476385   -176837732   900514820   -302385361   -110990078   712805141   421410411   -612471158   351841511   -448728309 
670041860   725855817   -782963530   709593011   -993017688   486719029   -461123926   975382079   225711743   -141210299   824441969   212045443   -813241952   -335249672   377289088   -478871836   -180855021   -633084988   639763050   145327498 
307897825   -813608945   -724017391   -995307490   291435925   -609533786   519644393   907170083   -799719198   -900222692   -29751711   -903284936   -274932322   -527158916   -4041946   510392257   -733474335   -838863385   855380737   529131012 
-561947078   -856902646   -351988113   175098731   269858392   463953261   -847903555   551909897   -903049963   -319847296   907954183   264286281   984045644   -49898106   -763842819   -27051265   661469399   -182655690   501389288   -981987112 
-119416935   940743780   757868917   -427875716   911199057   -619240536   446300075   929932414   759905878   633866467   594999370   -815906972   910518903   147925519   -431218495   61368592   791366041   -275023469   -806650688   504331074 
-745059227   -696004218   -182441353   586954312   639897504   659732217   -413068519   -791003245   -623812779   910948649   689227530   402334117   261361015   -784754541   605595975   821248668   39556576   533463191   461948615   -280510540 
-361444488   974705411   -500293409   -421408608   653932723   -950336492   333293442   -310680074   613557205   184035427   236285359   840078500   -179618395   -959618873   751569608   -863438207   404333677   -333726151   -115769648   422886549 
-591185445   490092389   648969692   689891550   93335794   -499419575   -679577624   -938118620   -167662767   -1818489   -554511073   191672465   -2582495   68022612   873873992   -670195262   -253261602   -572718094   734267114   -777455005 
153197010   -884087586   260759464   317881522   644056274   -505730051   -515813073   -370609602   98439072   -842758788   -946020587   -829454874   -473973007   -575572078   99200656   868658645   821166105   771315876   784904629   500072924 
20
-540723570   684473489   -175371310   818417028   -799246913   950002175   176524962   16626822   230410347   5202639   909735098   440204508   -121742573   -611615318   676151234   69646684   880117662   -477560018   806678121   348933872 
-820806870   919285845   -766889788   926360320   -637622371   284659800   93067703   368774974   170540266   481082817   331070205   -571797691   128204124   532078280   429722531   -784588187   68159055   570790400   -717277079   -842237457 
-120680593   -740015772   -425016360   -473377971   -603838076   979088768   -593806247   989288487   -905113892   -687148785   -657995005   181355912   -903122860   -574985760   -630580035   899064042   460302712   460634641   -751890626   -745391110 
692047248   -832149494   -472678635   -696407231   327201574   -131173414   179945725   -246222057   -146719647   219813955   133592667   -444807549   -401187566   985408480   637775509   -355295034   458213361   69936674   -997796216   -265429044 
781234218   949562698   -11512885   -242171750   -45030644   -787031785   -461904927   -407907438   491665690   373266078   -565209806   501361930   887226141   799532791   217162772   -269020426   861495487   231706831   170840575   424590957 
-69630294   -460460084   539511673   147685257   283276775   911391278   -782513784   -583617250   -731208053   -908009081   -540084722   885813051   435382529   999991170   -550278329   298514587   -588948278   649541601   -507177914   -591217768 
338451524   841064660   430468864   679364782   -27078283   839326479   66616582   693586899   -596068844   735125794   -935179568   683175291   -658959583   734708758   25926747   -154575889   -763431941   869660118   -961281304   624838057 
677052656   -870949200   -168225835   -196620001   572989307   -84320026   30320949   -910048646   975261865   738595434   -299443816   -523083932   -115689058   612540609   -649232251   485506053   682090970   562904084   176644127   517679231 
175102008   327641730   210257408   -605991873   -434583460   749598370   -536824775   376564329   -841360256   -590755537   -188942822   179662   488007061   -957082197   -259652681   -588868430   199693145   -521227676   -124533345   104827037 
285525141   -865161046   -893204528   403426192   337918909   -896272817   537051161   356072445   -417736629   -757696628   -497915541   -675711077   -888583519   -427650737   -559654642   274847625   -796448757   -296267299   -885624624   -259013894 
-259013894   -885624624   -296267299   -796448757   274847625   -559654642   -427650737   -888583519   -675711077   -497915541   -757696628   -417736629   356072445   537051161   -896272817   337918909   403426192   -893204528   -865161046   285525141 
104827037   -124533345   -521227676   199693145   -588868430   -259652681   -957082197   488007061   179662   -188942822   -590755537   -841360256   376564329   -536824775   749598370   -434583460   -605991873   210257408   327641730   175102008 
517679231   176644127   562904084   682090970   485506053   -649232251   612540609   -115689058   -523083932   -299443816   738595434   975261865   -910048646   30320949   -84320026   572989307   -196620001   -168225835   -870949200   677052656 
624838057   -961281304   869660118   -763431941   -154575889   25926747   734708758   -658959583   683175291   -935179568   735125794   -596068844   693586899   66616582   839326479   -27078283   679364782   430468864   841064660   338451524 
-591217768   -507177914   649541601   -588948278   298514587   -550278329   999991170   435382529   885813051   -540084722   -908009081   -731208053   -583617250   -782513784   911391278   283276775   147685257   539511673   -460460084   -69630294 
424590957   170840575   231706831   861495487   -269020426   217162772   799532791   887226141   501361930   -565209806   373266078   491665690   -407907438   -461904927   -787031785   -45030644   -242171750   -11512885   949562698   781234218 
-265429044   -997796216   69936674   458213361   -355295034   637775509   985408480   -401187566   -444807549   133592667   219813955   -146719647   -246222057   179945725   -131173414   327201574   -696407231   -472678635   -832149494   692047248 
-745391110   -751890626   460634641   460302712   899064042   -630580035   -574985760   -903122860   181355912   -657995005   -687148785   -905113892   989288487   -593806247   979088768   -603838076   -473377971   -425016360   -740015772   -120680593 
-842237457   -717277079   570790400   68159055   -784588187   429722531   532078280   128204124   -571797691   331070205   481082817   170540266   368774974   93067703   284659800   -637622371   926360320   -766889788   919285845   -820806870 
348933872   806678121   -477560018   880117662   69646684   676151234   -611615318   -121742573   440204508   909735098   5202639   230410347   16626822   176524962   950002175   -799246913   818417028   -175371310   684473489   -540723570 
20
-428370259   -39486545   -69281272   -20415160   29370697   -464876334   -146290836   -695038962   842482392   359793008   442267719   790560856   -805828974   680253660   -653228938   108383905   -804891760   329113779   -231740437   400408336 
-418503321   916925790   798142388   -390370982   -202238977   793871545   622127722   -239709485   701862524   -429628039   -695571887   103760433   615270285   -560736   684778453   -400993970   770833041   -453117653   590127891   305525483 
889268246   24215106   184182204   -265620158   89357599   -262302058   118023648   -996046379   234153639   -671314847   420713951   -62241402   -90142888   -279309480   378286243   -831965747   -359926246   -778621462   -820745004   -625012941 
53251825   687371799   784897285   -79687514   352524867   -458949181   951948227   548101922   -382037359   769393385   193554591   -317783110   780758390   476393814   -933295826   207627971   493336705   -312825737   479437942   -960523923 
-436129399   688763945   -680758410   78221050   -544877614   -837099438   -856807178   -925661837   -401837825   -349715870   300647368   -166758091   683273801   830827704   -731051349   -435226221   65975694   22851671   -554759331   155430864 
-132155865   50509001   738474289   -96811782   -768011514   -974516339   340275770   867577327   520622030   643050449   351266170   -727825049   -61172014   -719816779   580773220   996749657   893922619   -78454584   -659441297   114351282 
358655535   340296342   524553900   482747024   -424072348   -456697622   588863420   -235580176   -357081368   358985909   886219692   -644047758   17049814   -356992997   -573658366   -198750833   -371975204   -301165231   283000208   591373231 
-581652745   904472060   526795629   974143869   -749124497   990759120   148866324   926580123   606073407   479626332   -349703931   933217550   143595216   -139031536   516920878   -117784357   -804617103   -569459099   -631957203   272778273 
-961579017   741576541   691879363   -644362771   -69978683   -931680573   948555499   373681413   2032512   -226030772   628403080   66108237   317007067   884457063   -25905979   511762677   140390625   -181227111   478439724   905871420 
-580925793   -528591617   -42514300   -856617591   383228963   164675256   338629725   563611874   506300182   -233288683   210085888   452468465   -756270660   59072770   475989911   -78263506   950512433   -768956893   124010961   -249854105 
-249854105   124010961   -768956893   950512433   -78263506   475989911   59072770   -756270660   452468465   210085888   -233288683   506300182   563611874   338629725   164675256   383228963   -856617591   -42514300   -528591617   -580925793 
905871420   478439724   -181227111   140390625   511762677   -25905979   884457063   317007067   66108237   628403080   -226030772   2032512   373681413   948555499   -931680573   -69978683   -644362771   691879363   741576541   -961579017 
272778273   -631957203   -569459099   -804617103   -117784357   516920878   -139031536   143595216   933217550   -349703931   479626332   606073407   926580123   148866324   990759120   -749124497   974143869   526795629   904472060   -581652745 
591373231   283000208   -301165231   -371975204   -198750833   -573658366   -356992997   17049814   -644047758   886219692   358985909   -357081368   -235580176   588863420   -456697622   -424072348   482747024   524553900   340296342   358655535 
114351282   -659441297   -78454584   893922619   996749657   580773220   -719816779   -61172014   -727825049   351266170   643050449   520622030   867577327   340275770   -974516339   -768011514   -96811782   738474289   50509001   -132155865 
155430864   -554759331   22851671   65975694   -435226221   -731051349   830827704   683273801   -166758091   300647368   -349715870   -401837825   -925661837   -856807178   -837099438   -544877614   78221050   -680758410   688763945   -436129399 
-960523923   479437942   -312825737   493336705   207627971   -933295826   476393814   780758390   -317783110   193554591   769393385   -382037359   548101922   951948227   -458949181   352524867   -79687514   784897285   687371799   53251825 
-625012941   -820745004   -778621462   -359926246   -831965747   378286243   -279309480   -90142888   -62241402   420713951   -671314847   234153639   -996046379   118023648   -262302058   89357599   -265620158   184182204   24215106   889268246 
305525483   590127891   -453117653   770833041   -400993970   684778453   -560736   615270285   103760433   -695571887   -429628039   701862524   -239709485   622127722   793871545   -202238977   -390370982   798142388   916925790   -418503321 
400408336   -231740437   329113779   -804891760   108383905   -653228938   680253660   -805828974   790560856   442267719   359793008   842482392   -695038962   -146290836   -464876334   29370697   -20415160   -69281272   -39486545   -428370259 
20
-982849955   598363648   718465295   -687488228   735917595   626788105   -163859859   -964189056   568490065   -615683708   401984854   360244183   -192335223   -943254115   249284564   -733441507   -742023615   -678226312   -146125173   -158140576 
45898249   495033080   343905629   -946080147   166484894   -470166089   -352913705   -235404921   -705622468   -468933859   -483647487   -461267415   -105629274   -621192739   -758189249   -345554265   451762855   -787935910   713811701   -394413466 
190296311   637245439   -305559754   -995005628   -308380752   -732447566   -409437303   -578533553   706142717   39768152   325119368   -762125446   -32942914   -524704091   911602980   -423705682   -99671393   772110855   -526506194   773272336 
-104339610   -254605526   591145277   438013860   158166450   831386026   962067097   -293928905   -814644955   892457333   -682283681   -492261138   -32070130   -259718804   630295257   776119562   -596149573   -718222357   -961385415   -240578104 
-784062521   288146194   602090753   330637293   684672556   517221258   -95204540   -681179761   -187644751   524219354   867982240   -903536750   -744327092   -416887649   -663359253   -867913614   25609370   -530505888   820976284   355795390 
-274968434   -967603716   -668487351   -41585946   192844177   -853660776   173285315   304825392   37019020   771756706   -731722914   -850893554   900931884   -415263833   -458875939   803322990   -926924230   23654092   -353387344   -374152585 
957234713   -576027650   -5459765   452561272   -596578842   47627953   551778327   486414388   431618034   -489335775   3880343   903712510   355944499   -572074361   537429014   714846242   910505565   -398337177   490878658   966152025 
456095980   -153281743   -709349687   -602192992   -601771695   213014696   238729526   57675505   245877454   192981505   787414675   143041531   -18427907   -180787277   -181745599   169635252   -543038466   -803735478   66593678   -672076838 
-811922183   261245576   -95456678   581394911   292143824   845117650   -729851959   529470993   -577038156   265746554   909416749   -390998280   -855571571   466843971   240934314   -85326570   -237177822   -922989714   -634213214   506763750 
411726222   913209677   -446019594   385836536   -14325007   -996912936   921329211   781266206   -215883321   -985681142   -710989546   -190732206   593235942   -397774482   -908687372   -686180369   -596397029   -42305003   424868112   -760114962 
-760114962   424868112   -42305003   -596397029   -686180369   -908687372   -397774482   593235942   -190732206   -710989546   -985681142   -215883321   781266206   921329211   -996912936   -14325007   385836536   -446019594   913209677   411726222 
506763750   -634213214   -922989714   -237177822   -85326570   240934314   466843971   -855571571   -390998280   909416749   265746554   -577038156   529470993   -729851959   845117650   292143824   581394911   -95456678   261245576   -811922183 
-672076838   66593678   -803735478   -543038466   169635252   -181745599   -180787277   -18427907   143041531   787414675   192981505   245877454   57675505   238729526   213014696   -601771695   -602192992   -709349687   -153281743   456095980 
966152025   490878658   -398337177   910505565   714846242   537429014   -572074361   355944499   903712510   3880343   -489335775   431618034   486414388   551778327   47627953   -596578842   452561272   -5459765   -576027650   957234713 
-374152585   -353387344   23654092   -926924230   803322990   -458875939   -415263833   900931884   -850893554   -731722914   771756706   37019020   304825392   173285315   -853660776   192844177   -41585946   -668487351   -967603716   -274968434 
355795390   820976284   -530505888   25609370   -867913614   -663359253   -416887649   -744327092   -903536750   867982240   524219354   -187644751   -681179761   -95204540   517221258   684672556   330637293   602090753   288146194   -784062521 
-240578104   -961385415   -718222357   -596149573   776119562   630295257   -259718804   -32070130   -492261138   -682283681   892457333   -814644955   -293928905   962067097   831386026   158166450   438013860   591145277   -254605526   -104339610 
773272336   -526506194   772110855   -99671393   -423705682   911602980   -524704091   -32942914   -762125446   325119368   39768152   706142717   -578533553   -409437303   -732447566   -308380752   -995005628   -305559754   637245439   190296311 
-394413466   713811701   -787935910   451762855   -345554265   -758189249   -621192739   -105629274   -461267415   -483647487   -468933859   -705622468   -235404921   -352913705   -470166089   166484894   -946080147   343905629   495033080   45898249 
-158140576   -146125173   -678226312   -742023615   -733441507   249284564   -943254115   -192335223   360244183   401984854   -615683708   568490065   -964189056   -163859859   626788105   735917595   -687488228   718465295   598363648   -982849955 
20
852586563   916731262   -377553323   -735720818   -809084838   430454193   54356810   -442739684   -555374114   -175518862   -73051596   -306325650   473568167   789594192   4316815   860057334   989699722   103191067   810969874   667940646 
-933880260   -141266219   793709396   766367216   -796479702   527901419   314012702   -686426811   -646935011   545807122   169100476   793956288   370296888   -913865858   -543249744   -440596191   -825453863   -400247513   -75711265   -458560014 
163937568   362912940   920593116   823315404   1070367   -170481719   -794974263   -148876539   -169201656   -567449640   355857042   -829466890   -499655683   133321127   508078503   261543764   601586594   837956574   252665017   -882146848 
422384452   582231215   -657303601   45048629   78058902   -827368908   472707444   910452740   -881648099   495049626   490308830   524258232   -883420930   313238416   249582924   700807264   420716732   752002433   -42997739   -6823834 
145859811   -175805951   585616130   -115266459   761694796   -744508867   679398565   805650464   -463831731   -382688447   -487330563   822333430   -653821041   630654964   -860648593   434737988   -318856101   -809032118   212037430   172406733 
198019697   -194263037   -531266149   264764195   64204715   -563621970   -690165429   141580730   712819142   -665814905   -414804195   830943009   -193206551   -93284417   875403862   524006600   488339861   -808425459   -312397206   340107246 
157613798   -596929459   804448194   246100949   -941286982   -617749445   763044375   984350361   774352405   -4516190   -915299585   14108435   653318725   106152535   210295280   -480133536   215660925   -697671350   -810982697   269674156 
-611481715   826568397   392417799   799979536   776185127   -819131506   58517214   46825333   -886777468   467835359   598179552   -606548582   -36068583   -563896978   842465546   -55222233   -888987268   912800580   894748360   -443133873 
561441565   213130076   344078777   -113475760   257973390   995232282   310579468   -601878752   -699442384   70523793   -155371249   72368618   581885226   250731207   165808255   -257000419   848757273   -990260558   866050788   748969184 
724289630   999788086   -677055167   733180199   -619084055   -587401643   -545134542   794874804   446285704   -443737926   650016236   -750274066   490461181   -524480560   -308946639   -808470890   366000342   654061619   -813609769   -252230085 
-252230085   -813609769   654061619   366000342   -808470890   -308946639   -524480560   490461181   -750274066   650016236   -443737926   446285704   794874804   -545134542   -587401643   -619084055   733180199   -677055167   999788086   724289630 
748969184   866050788   -990260558   848757273   -257000419   165808255   250731207   581885226   72368618   -155371249   70523793   -699442384   -601878752   310579468   995232282   257973390   -113475760   344078777   213130076   561441565 
-443133873   894748360   912800580   -888987268   -55222233   842465546   -563896978   -36068583   -606548582   598179552   467835359   -886777468   46825333   58517214   -819131506   776185127   799979536   392417799   826568397   -611481715 
269674156   -810982697   -697671350   215660925   -480133536   210295280   106152535   653318725   14108435   -915299585   -4516190   774352405   984350361   763044375   -617749445   -941286982   246100949   804448194   -596929459   157613798 
340107246   -312397206   -808425459   488339861   524006600   875403862   -93284417   -193206551   830943009   -414804195   -665814905   712819142   141580730   -690165429   -563621970   64204715   264764195   -531266149   -194263037   198019697 
172406733   212037430   -809032118   -318856101   434737988   -860648593   630654964   -653821041   822333430   -487330563   -382688447   -463831731   805650464   679398565   -744508867   761694796   -115266459   585616130   -175805951   145859811 
-6823834   -42997739   752002433   420716732   700807264   249582924   313238416   -883420930   524258232   490308830   495049626   -881648099   910452740   472707444   -827368908   78058902   45048629   -657303601   582231215   422384452 
-882146848   252665017   837956574   601586594   261543764   508078503   133321127   -499655683   -829466890   355857042   -567449640   -169201656   -148876539   -794974263   -170481719   1070367   823315404   920593116   362912940   163937568 
-458560014   -75711265   -400247513   -825453863   -440596191   -543249744   -913865858   370296888   793956288   169100476   545807122   -646935011   -686426811   314012702   527901419   -796479702   766367216   793709396   -141266219   -933880260 
667940646   810969874   103191067   989699722   860057334   4316815   789594192   473568167   -306325650   -73051596   -175518862   -555374114   -442739684   54356810   430454193   -809084838   -735720818   -377553323   916731262   852586563 
20
-643561558   -889518021   -567651375   -77998099   760546105   213414871   476987664   737269340   161326990   172034654   510793618   22839424   -940133109   702656642   -801072210   541977211   -468348356   -784775500   -252463568   866169185 
324051374   -406968310   260417172   -974864791   191610455   960566135   -192224619   -767560632   960169011   -208250689   -111780990   601140313   852846840   -804561284   184145100   -643892102   461260924   -736495487   511750982   137581951 
-768731853   656302543   -491187942   793118720   -387463444   354733123   -299790903   -238351136   -499888435   149118427   847236395   898263966   555931652   -4621176   -191719944   -155357169   421739588   -936564590   -303535250   760965806 
577343410   645738573   -302862072   383661522   814420178   503922087   424525067   611266566   270634266   -283248889   597582966   333601289   874443903   928761091   -182284519   -980870464   -922708140   -433490222   808336481   743456156 
-766669505   879652259   -218561060   281863319   -2351736   121798013   651996232   807757937   353570286   -84220546   582479802   285661205   101050829   -937308242   -234020165   -104066359   220778735   595206842   280344262   -289925776 
-764610513   538521740   -670243928   -984989102   568279886   -714507984   -112083482   -148408779   -399347070   -930486954   -209592202   -829923939   -373915383   671744297   898002625   296555293   -395099730   350896731   -344226042   142511046 
-758048901   725538896   -732163880   592642709   -231180285   844263373   210235576   340503119   897533747   937506437   117672518   -641888681   402383508   381168368   -563568480   -476913469   923365474   -601679129   276396022   422391064 
-465051064   517418031   -571994624   -684810237   -574742487   563782923   368264712   771281967   -20415020   690819942   -686732906   -241214914   821308827   -679494053   68302906   -923127705   -910312242   924554446   -802613214   248886263 
-463958087   750891168   345630304   -247891025   839602024   206426012   -167187322   -122642451   890210334   -172188094   610124821   -955726913   964976349   -6007232   905874076   -771377528   610264821   692587814   -717373212   496379858 
-506853838   887241393   -761270725   -760492637   670440876   -13693828   -626415   970670830   548095412   -209816366   126592907   -703010929   -660493327   -218457944   -426813342   36767145   -545387157   -157323018   -90092685   936297622 
936297622   -90092685   -157323018   -545387157   36767145   -426813342   -218457944   -660493327   -703010929   126592907   -209816366   548095412   970670830   -626415   -13693828   670440876   -760492637   -761270725   887241393   -506853838 
496379858   -717373212   692587814   610264821   -771377528   905874076   -6007232   964976349   -955726913   610124821   -172188094   890210334   -122642451   -167187322   206426012   839602024   -247891025   345630304   750891168   -463958087 
248886263   -802613214   924554446   -910312242   -923127705   68302906   -679494053   821308827   -241214914   -686732906   690819942   -20415020   771281967   368264712   563782923   -574742487   -684810237   -571994624   517418031   -465051064 
422391064   276396022   -601679129   923365474   -476913469   -563568480   381168368   402383508   -641888681   117672518   937506437   897533747   340503119   210235576   844263373   -231180285   592642709   -732163880   725538896   -758048901 
142511046   -344226042   350896731   -395099730   296555293   898002625   671744297   -373915383   -829923939   -209592202   -930486954   -399347070   -148408779   -112083482   -714507984   568279886   -984989102   -670243928   538521740   -764610513 
-289925776   280344262   595206842   220778735   -104066359   -234020165   -937308242   101050829   285661205   582479802   -84220546   353570286   807757937   651996232   121798013   -2351736   281863319   -218561060   879652259   -766669505 
743456156   808336481   -433490222   -922708140   -980870464   -182284519   928761091   874443903   333601289   597582966   -283248889   270634266   611266566   424525067   503922087   814420178   383661522   -302862072   645738573   577343410 
760965806   -303535250   -936564590   421739588   -155357169   -191719944   -4621176   555931652   898263966   847236395   149118427   -499888435   -238351136   -299790903   354733123   -387463444   793118720   -491187942   656302543   -768731853 
137581951   511750982   -736495487   461260924   -643892102   184145100   -804561284   852846840   601140313   -111780990   -208250689   960169011   -767560632   -192224619   960566135   191610455   -974864791   260417172   -406968310   324051374 
866169185   -252463568   -784775500   -468348356   541977211   -801072210   702656642   -940133109   22839424   510793618   172034654   161326990   737269340   476987664   213414871   760546105   -77998099   -567651375   -889518021   -643561558 
20
-669316852   462991021   -103946735   26979502   29015962   445457492   718980114   603545365   -318753258   466552294   -423563099   248398787   954626365   -165694168   -474197599   134279639   -92628005   -656367989   380874990   -113945830 
-789058291   -374849689   64577203   -423323237   -933804545   631830923   -699830203   -749122485   -347775865   917648073   470342264   -999984407   -896461254   189348941   88342780   575843317   -967066605   367806794   -449764094   944388421 
-899558557   -831637507   -70084860   -922567758   594256917   -213238265   743129961   842930242   -914997007   -789659183   17416213   103471865   -242402585   -872798165   428379199   -548503613   730254635   169134248   873426726   220036082 
-227128165   461522224   -461167825   716849801   625466810   -823345167   279296667   -540810970   -801767136   687737892   805723574   -453429584   824602690   837117470   978442694   -671760538   -469782944   -925538688   -620767936   -756676505 
344629822   -990199430   869797321   -162062520   -114333133   -251890476   -119093032   726987728   -778421813   198604038   581870929   887976266   826340003   -835729452   114913518   -901742097   -625962783   473732296   -155270891   900177375 
-742944084   -11415827   -428249218   695014399   -83645526   297031674   820106825   -80870789   88724447   171396832   -852586073   466331349   -182007451   -300262225   -383287846   795286493   820778575   -821073416   -363850861   -633095108 
-63022109   437987703   -546157148   -781047372   980113571   -817238545   342958803   871991049   -224454003   -317604537   -103382593   -54509649   -943159005   636754988   -588535444   93628032   -659371863   71322170   948492365   410996578 
-778737394   -696806661   -690759250   732499394   635353490   -691704623   -480286915   393893060   50021878   -637565927   -203898748   -666874166   -184797660   -705214177   669658762   618493872   -37715214   -223623242   380415478   -349425708 
-507201252   -938602598   406018517   -976033244   234508057   -568623139   -41065098   -553067724   71169152   910587866   772248835   503177925   44732340   307072118   -730928870   -84216008   -574773687   -701856097   735764919   397314829 
931659251   -567249325   -200799354   -646562616   655642357   296344321   465104418   242987023   -823125001   659322214   296459303   -840954608   -889245131   705771641   241532178   525267663   130258135   -269858210   333125627   217309674 
217309674   333125627   -269858210   130258135   525267663   241532178   705771641   -889245131   -840954608   296459303   659322214   -823125001   242987023   465104418   296344321   655642357   -646562616   -200799354   -567249325   931659251 
397314829   735764919   -701856097   -574773687   -84216008   -730928870   307072118   44732340   503177925   772248835   910587866   71169152   -553067724   -41065098   -568623139   234508057   -976033244   406018517   -938602598   -507201252 
-349425708   380415478   -223623242   -37715214   618493872   669658762   -705214177   -184797660   -666874166   -203898748   -637565927   50021878   393893060   -480286915   -691704623   635353490   732499394   -690759250   -696806661   -778737394 
410996578   948492365   71322170   -659371863   93628032   -588535444   636754988   -943159005   -54509649   -103382593   -317604537   -224454003   871991049   342958803   -817238545   980113571   -781047372   -546157148   437987703   -63022109 
-633095108   -363850861   -821073416   820778575   795286493   -383287846   -300262225   -182007451   466331349   -852586073   171396832   88724447   -80870789   820106825   297031674   -83645526   695014399   -428249218   -11415827   -742944084 
900177375   -155270891   473732296   -625962783   -901742097   114913518   -835729452   826340003   887976266   581870929   198604038   -778421813   726987728   -119093032   -251890476   -114333133   -162062520   869797321   -990199430   344629822 
-756676505   -620767936   -925538688   -469782944   -671760538   978442694   837117470   824602690   -453429584   805723574   687737892   -801767136   -540810970   279296667   -823345167   625466810   716849801   -461167825   461522224   -227128165 
220036082   873426726   169134248   730254635   -548503613   428379199   -872798165   -242402585   103471865   17416213   -789659183   -914997007   842930242   743129961   -213238265   594256917   -922567758   -70084860   -831637507   -899558557 
944388421   -449764094   367806794   -967066605   575843317   88342780   189348941   -896461254   -999984407   470342264   917648073   -347775865   -749122485   -699830203   631830923   -933804545   -423323237   64577203   -374849689   -789058291 
-113945830   380874990   -656367989   -92628005   134279639   -474197599   -165694168   954626365   248398787   -423563099   466552294   -318753258   603545365   718980114   445457492   29015962   26979502   -103946735   462991021   -669316852 
-1
