20
-887123093   908942793   -428451183   323148961   -257893691   -800566750   -995317224   -666136814   525493614   -947689168   -406389783   -570946484   -354850077   -549425045   730919698   6474030   -826447617   694966222   296518881   -130319416 
-64755998   596684897   -29571427   52425110   368983731   321026021   868180077   -217112489   -358935792   398661810   -913374142   664414768   -46430810   -697979469   986183028   -848839225   378415717   385529861   -291720694   -790566603 
821151260   -724242823   467734228   306767414   -341672520   984186987   -552630199   -703807551   194104337   -783237994   630236505   602795522   -563817279   916141854   -415071096   597466184   277271362   -184948624   826935166   438914593 
698081394   225195437   -35377393   53879760   -874884401   249583748   -522561908   -68174342   700712701   2580859   -766600966   379909351   -714311006   -165196544   -614706945   -510379009   -914777817   532798978   -573282562   915901402 
-295969268   -134174324   346571150   -177259427   -663117436   -107779898   129047191   -54030291   -691393028   -695111604   351403259   35421895   -158286436   956430832   766762900   681125191   -383836474   276053161   289936439   920370411 
-347316457   -543608172   520453951   -966425369   -215793531   -572051345   213569882   372052093   -274235629   -986955659   -753460716   176636134   714383137   612329590   -993637866   -678569626   -447614159   -478265865   -572611756   -440995601 
-238438347   -150520676   -339101088   857679705   550465958   602439408   -492949995   -372800699   631244440   -340748509   871909931   -917523469   423732534   753515455   579988209   326742177   -901245769   -702720550   855081002   657479421 
-292707199   -707214524   876534845   -59152542   -538143590   -211849610   -946369468   -691334534   644133138   -206471417   105123131   153654270   702672252   189415579   -500297737   -222019226   -658972202   728303394   -971244929   -181593739 
-60424414   -166455212   797505322   -516859984   322713458   132227594   -432417387   -24367700   -790425222   -992410042   614035005   -95898486   -554948610   995815419   290306275   70591294   71378492   623232686   -185077126   238142026 
-146307790   -955765223   792607196   -172744049   -950789205   -178682075   275085374   -546210300   276728179   -298155574   -801304066   517829975   -170993106   -350272235   806900508   -850180153   250418295   908829459   -353602576   305734923 
305734923   -353602576   908829459   250418295   -850180153   806900508   -350272235   -170993106   517829975   -801304066   -298155574   276728179   -546210300   275085374   -178682075   -950789205   -172744049   792607196   -955765223   -146307790 
238142026   -185077126   623232686   71378492   70591294   290306275   995815419   -554948610   -95898486   614035005   -992410042   -790425222   -24367700   -432417387   132227594   322713458   -516859984   797505322   -166455212   -60424414 
-181593739   -971244929   728303394   -658972202   -222019226   -500297737   189415579   702672252   153654270   105123131   -206471417   644133138   -691334534   -946369468   -211849610   -538143590   -59152542   876534845   -707214524   -292707199 
657479421   855081002   -702720550   -901245769   326742177   579988209   753515455   423732534   -917523469   871909931   -340748509   631244440   -372800699   -492949995   602439408   550465958   857679705   -339101088   -150520676   -238438347 
-440995601   -572611756   -478265865   -447614159   -678569626   -993637866   612329590   714383137   176636134   -753460716   -986955659   -274235629   372052093   213569882   -572051345   -215793531   -966425369   520453951   -543608172   -347316457 
920370411   289936439   276053161   -383836474   681125191   766762900   956430832   -158286436   35421895   351403259   -695111604   -691393028   -54030291   129047191   -107779898   -663117436   -177259427   346571150   -134174324   -295969268 
915901402   -573282562   532798978   -914777817   -510379009   -614706945   -165196544   -714311006   379909351   -766600966   2580859   700712701   -68174342   -522561908   249583748   -874884401   53879760   -35377393   225195437   698081394 
438914593   826935166   -184948624   277271362   597466184   -415071096   916141854   -563817279   602795522   630236505   -783237994   194104337   -703807551   -552630199   984186987   -341672520   306767414   467734228   -724242823   821151260 
-790566603   -291720694   385529861   378415717   -848839225   986183028   -697979469   -46430810   664414768   -913374142   398661810   -358935792   -217112489   868180077   321026021   368983731   52425110   -29571427   596684897   -64755998 
-130319416   296518881   694966222   -826447617   6474030   730919698   -549425045   -354850077   -570946484   -406389783   -947689168   525493614   -666136814   -995317224   -800566750   -257893691   323148961   -428451183   908942793   -887123093 
20
565507775   394881297   -967185409   -355585542   231992691   932521362   -51187215   -300417038   -319563699   400334389   -270680602   809455661   697942139   -905978554   -662110587   -78956922   -963764632   -123872261   273220059   -491378257 
348478647   -171810569   826858505   702187486   472141527   -456803625   398638929   808773740   -623986960   -814766168   765990979   936420885   852860899   230973416   661644742   -607387292   -615080114   -565426795   416728830   -547515148 
910863569   97872226   -307369158   -201607916   89548165   -174146804   908017403   -792837293   -139499214   312251038   -110115228   -353320645   -20754036   -210039166   -269631541   900685264   -180692864   752271092   200526941   -510614224 
722267482   140726708   340255485   930128450   612605217   137758046   417088566   315099492   -804435579   -672544306   728171547   -460182452   853802349   -160936111   4243706   119956261   601344386   -431976638   292459243   96700333 
-260351153   -753165572   -65101262   -499078733   -517905672   -766385273   -192299510   -89370572   233514127   145558745   -966436852   -119269168   403474274   468349875   -172919723   -535306679   185318955   22300453   540015131   -63597557 
647066250   -345608209   479095261   -19165643   -474698185   -636253880   -662693270   594303800   -451919030   135661674   -260361335   541393736   -104949178   -768395035   -255155526   350877982   -773127203   251877255   -667368314   800757787 
510106536   -98526828   -792539148   880380974   867186173   -528064318   858890152   -631861748   280173805   514705250   -578182967   -682409042   -354776172   155965884   -420090677   -679860917   696669741   -996854432   -933321108   -311744890 
-487922403   435743478   -64874851   -680272617   43796968   242937815   370888097   -846750756   843261213   -111749599   -998169822   -569108622   924184606   -38056446   555026854   137866031   514326236   -56296923   19770967   -458001683 
-436378586   -832466034   -514610189   409863181   613560454   -583407822   574422267   111186472   130214230   -472759580   -664576117   -994595186   -783366856   126791692   -414456590   -123122198   -357804571   -154526811   961001871   617134925 
-79631121   327385406   -145583382   -723278890   -323361397   -9368507   447431780   -840877394   -700569163   91595320   636071305   -434690382   -239357049   -955010805   783889683   796148534   901298135   -348546754   -362676275   -823130383 
-823130383   -362676275   -348546754   901298135   796148534   783889683   -955010805   -239357049   -434690382   636071305   91595320   -700569163   -840877394   447431780   -9368507   -323361397   -723278890   -145583382   327385406   -79631121 
617134925   961001871   -154526811   -357804571   -123122198   -414456590   126791692   -783366856   -994595186   -664576117   -472759580   130214230   111186472   574422267   -583407822   613560454   409863181   -514610189   -832466034   -436378586 
-458001683   19770967   -56296923   514326236   137866031   555026854   -38056446   924184606   -569108622   -998169822   -111749599   843261213   -846750756   370888097   242937815   43796968   -680272617   -64874851   435743478   -487922403 
-311744890   -933321108   -996854432   696669741   -679860917   -420090677   155965884   -354776172   -682409042   -578182967   514705250   280173805   -631861748   858890152   -528064318   867186173   880380974   -792539148   -98526828   510106536 
800757787   -667368314   251877255   -773127203   350877982   -255155526   -768395035   -104949178   541393736   -260361335   135661674   -451919030   594303800   -662693270   -636253880   -474698185   -19165643   479095261   -345608209   647066250 
-63597557   540015131   22300453   185318955   -535306679   -172919723   468349875   403474274   -119269168   -966436852   145558745   233514127   -89370572   -192299510   -766385273   -517905672   -499078733   -65101262   -753165572   -260351153 
96700333   292459243   -431976638   601344386   119956261   4243706   -160936111   853802349   -460182452   728171547   -672544306   -804435579   315099492   417088566   137758046   612605217   930128450   340255485   140726708   722267482 
-510614224   200526941   752271092   -180692864   900685264   -269631541   -210039166   -20754036   -353320645   -110115228   312251038   -139499214   -792837293   908017403   -174146804   89548165   -201607916   -307369158   97872226   910863569 
-547515148   416728830   -565426795   -615080114   -607387292   661644742   230973416   852860899   936420885   765990979   -814766168   -623986960   808773740   398638929   -456803625   472141527   702187486   826858505   -171810569   348478647 
-491378257   273220059   -123872261   -963764632   -78956922   -662110587   -905978554   697942139   809455661   -270680602   400334389   -319563699   -300417038   -51187215   932521362   231992691   -355585542   -967185409   394881297   565507775 
20
644598051   -102994357   -974803424   -502634563   -526765176   -342169259   108184780   -916714868   -295535159   95632573   -372579571   655670946   167980890   -934449502   371931878   878845479   520830221   888718460   -32872052   -365981526 
829497852   591831549   -914353747   -98336583   597729607   758279381   83315301   265106167   -419993870   -287169621   -743563874   320395667   -943645558   403440794   397992549   -556029661   -268870711   444942229   -79542161   469075001 
-897417914   -572874947   639566940   881995892   -868792869   517133737   39181025   -580557263   -258763548   -343794463   -103503463   -685334154   -223100492   -623586727   114276631   152229929   -271825409   11059904   -18653399   -684137476 
82267820   -570655077   -275349702   -562355132   836469678   464082333   995769593   -555712543   521225170   -68996227   -875448197   -817386494   608443192   80421038   -770812866   897834144   -301641993   139685293   682938283   164011300 
-626141388   -757745069   -241689913   -415071684   377756074   -926951036   -788757949   174107461   -241227526   531310416   -524302527   -209870308   214203625   756939250   236830456   817513992   -594898101   39661424   -460452947   963136717 
-220992798   317606787   -569211789   27910442   69220141   -256428333   -820284862   839462247   486686314   -150133153   502689326   -273864997   -384544376   -745797172   284715213   -260870543   185986202   629470227   -175830777   263859893 
986324912   514982228   -557471519   609718698   -859614285   -149901494   22942828   514373358   567101957   886675377   632082585   369979797   169624782   521230541   -318342312   979784290   189802911   -151686352   945929464   -145964776 
401089559   -910839401   -136590585   -716898294   -856917554   -346130845   -512772194   781808832   92182303   -533707540   184348071   -64166135   955585742   -204371238   921143316   73041726   307419589   -571739657   -658310059   -500632769 
-626704646   800994769   -642177656   -219844016   -810282376   -210409953   97955760   -215310213   -992038456   592023938   -863017030   48633760   -5314848   -613939609   559047858   -450418117   136709852   -182674945   -689695087   -30874227 
-353237925   -148878632   403670219   -235647554   -663461127   -329026777   606182619   760839375   75835932   -847731984   35941000   -894211636   -578636378   -414825815   -250964622   -25738485   -87975961   -549800051   817763151   -120613801 
-120613801   817763151   -549800051   -87975961   -25738485   -250964622   -414825815   -578636378   -894211636   35941000   -847731984   75835932   760839375   606182619   -329026777   -663461127   -235647554   403670219   -148878632   -353237925 
-30874227   -689695087   -182674945   136709852   -450418117   559047858   -613939609   -5314848   48633760   -863017030   592023938   -992038456   -215310213   97955760   -210409953   -810282376   -219844016   -642177656   800994769   -626704646 
-500632769   -658310059   -571739657   307419589   73041726   921143316   -204371238   955585742   -64166135   184348071   -533707540   92182303   781808832   -512772194   -346130845   -856917554   -716898294   -136590585   -910839401   401089559 
-145964776   945929464   -151686352   189802911   979784290   -318342312   521230541   169624782   369979797   632082585   886675377   567101957   514373358   22942828   -149901494   -859614285   609718698   -557471519   514982228   986324912 
263859893   -175830777   629470227   185986202   -260870543   284715213   -745797172   -384544376   -273864997   502689326   -150133153   486686314   839462247   -820284862   -256428333   69220141   27910442   -569211789   317606787   -220992798 
963136717   -460452947   39661424   -594898101   817513992   236830456   756939250   214203625   -209870308   -524302527   531310416   -241227526   174107461   -788757949   -926951036   377756074   -415071684   -241689913   -757745069   -626141388 
164011300   682938283   139685293   -301641993   897834144   -770812866   80421038   608443192   -817386494   -875448197   -68996227   521225170   -555712543   995769593   464082333   836469678   -562355132   -275349702   -570655077   82267820 
-684137476   -18653399   11059904   -271825409   152229929   114276631   -623586727   -223100492   -685334154   -103503463   -343794463   -258763548   -580557263   39181025   517133737   -868792869   881995892   639566940   -572874947   -897417914 
469075001   -79542161   444942229   -268870711   -556029661   397992549   403440794   -943645558   320395667   -743563874   -287169621   -419993870   265106167   83315301   758279381   597729607   -98336583   -914353747   591831549   829497852 
-365981526   -32872052   888718460   520830221   878845479   371931878   -934449502   167980890   655670946   -372579571   95632573   -295535159   -916714868   108184780   -342169259   -526765176   -502634563   -974803424   -102994357   644598051 
20
351305262   828329512   -786098258   -503526499   709588176   203781854   438161221   94192291   -758089162   -446670114   271369525   343257294   -200423966   -405520286   92010411   -808990160   -211213246   -136058855   -972209401   -987751281 
-781330288   173860305   61529864   -410527748   -928687721   477415642   -733198032   937127272   -286163790   -618507321   -89134566   62189768   11663038   682060564   -482521937   -21025123   -927303983   -125968830   795894771   761865692 
163307187   78828503   -840657868   17524884   637225673   710177374   -822204270   -721806224   583572360   626353149   461535509   -804780249   890917011   209572012   -87156378   -724689287   274205885   -173904350   976419657   -714072804 
-733285106   657227479   605484064   -779101799   709185383   -102232718   -464205515   -18461494   -97944843   -894957032   130173990   297462488   308249304   532671797   -724986845   -511587949   822750070   186070481   208720229   -610866148 
-519079451   281097498   -379121976   -319505327   -808608178   -24649393   -635179573   83789404   875346260   -469806229   464483071   -435027997   -575464326   876745853   -372000784   -96557000   927233122   -572600300   538061895   949757963 
602618084   -385383821   39412575   146548204   10636928   111146401   299730726   927447081   -113731156   176899283   -486478461   -651257530   271712280   -39727940   732960053   -722569786   833694741   -639160523   420967655   -872656317 
340398262   -554153348   -424150243   237109682   299794204   502095692   170433258   598236453   -242906757   303192501   559768126   -636602237   628868915   694090929   -235081987   -459301876   660950945   -27224885   472647570   134483899 
777356735   414526426   379999757   717369953   333652213   61758610   -694032690   462638450   119332345   453350056   -711419549   -367283986   697709561   -280177771   394416440   -349503052   -266632069   935557345   -242019052   -878782549 
-252321925   864541239   -875136239   268019346   925615136   -739441275   757129640   -797617153   389601311   378615122   -610736634   227442165   -394779184   -518939290   -988446863   447817553   285114515   11152670   714884840   -139368410 
817040129   460689388   -510715618   -140065423   -241318396   -584486421   -636160487   443063034   -421896837   520088219   618852992   -602251219   734599399   589191887   891208451   260755632   19157706   -264461952   605346991   664397583 
664397583   605346991   -264461952   19157706   260755632   891208451   589191887   734599399   -602251219   618852992   520088219   -421896837   443063034   -636160487   -584486421   -241318396   -140065423   -510715618   460689388   817040129 
-139368410   714884840   11152670   285114515   447817553   -988446863   -518939290   -394779184   227442165   -610736634   378615122   389601311   -797617153   757129640   -739441275   925615136   268019346   -875136239   864541239   -252321925 
-878782549   -242019052   935557345   -266632069   -349503052   394416440   -280177771   697709561   -367283986   -711419549   453350056   119332345   462638450   -694032690   61758610   333652213   717369953   379999757   414526426   777356735 
134483899   472647570   -27224885   660950945   -459301876   -235081987   694090929   628868915   -636602237   559768126   303192501   -242906757   598236453   170433258   502095692   299794204   237109682   -424150243   -554153348   340398262 
-872656317   420967655   -639160523   833694741   -722569786   732960053   -39727940   271712280   -651257530   -486478461   176899283   -113731156   927447081   299730726   111146401   10636928   146548204   39412575   -385383821   602618084 
949757963   538061895   -572600300   927233122   -96557000   -372000784   876745853   -575464326   -435027997   464483071   -469806229   875346260   83789404   -635179573   -24649393   -808608178   -319505327   -379121976   281097498   -519079451 
-610866148   208720229   186070481   822750070   -511587949   -724986845   532671797   308249304   297462488   130173990   -894957032   -97944843   -18461494   -464205515   -102232718   709185383   -779101799   605484064   657227479   -733285106 
-714072804   976419657   -173904350   274205885   -724689287   -87156378   209572012   890917011   -804780249   461535509   626353149   583572360   -721806224   -822204270   710177374   637225673   17524884   -840657868   78828503   163307187 
761865692   795894771   -125968830   -927303983   -21025123   -482521937   682060564   11663038   62189768   -89134566   -618507321   -286163790   937127272   -733198032   477415642   -928687721   -410527748   61529864   173860305   -781330288 
-987751281   -972209401   -136058855   -211213246   -808990160   92010411   -405520286   -200423966   343257294   271369525   -446670114   -758089162   94192291   438161221   203781854   709588176   -503526499   -786098258   828329512   351305262 
20
544516384   482654357   -104773416   861674108   -774835883   -349181286   -174036722   -616215549   -712362387   -432281418   -893215627   -425017753   663581726   236444018   -780575580   -679128817   -848561067   -287511085   863442487   612385407 
409178699   727809700   -326387672   -411983592   -355467679   99815017   910469994   750192775   234141619   936620963   -484091806   -309045530   -541456670   279743389   -398987284   43215300   966182205   -998956958   210392604   -860142615 
517030659   533718096   929420770   -664995315   645982254   -67935725   268953030   280362584   519582728   -690087230   -196576609   131712037   337754460   -539413323   -824416533   -744330614   -443333371   -811449206   -236089496   -746270496 
823109302   -370766180   -201843462   58153009   568269216   492953564   68761744   846037399   -982779330   33228025   105836657   -865503866   498108016   -645454710   990310685   -381285032   265046   -540492671   792156629   616858772 
346522839   714028745   -912064739   -584339284   -229549286   -737089602   495286834   649591695   858341263   914293617   260427537   -72972702   529658281   -333315964   -53795858   -817813820   -9134171   897317836   931845113   -55712975 
323176967   608865829   82333384   635845384   -564548040   -170556179   -899436530   -856341005   -117779281   887448607   169170786   941467108   699296163   -738461785   619337996   988643541   -715117522   12090136   -441067522   56225179 
-431155039   131488939   -230818673   -793556838   903651296   310740318   268709837   697540694   -343319201   -315905800   678240460   -843134301   140629584   -18686217   316982955   736407178   -98521731   -733690511   895161128   974279073 
-524199926   126142565   -112461901   692934287   -908631932   -864292711   -406342747   -876130269   -546280386   517786239   506728652   891145768   -813829866   807726920   -716170737   -80524611   374454130   -861568439   -690890199   996034642 
-955279583   788841291   384269330   -333677601   -635937104   -114289105   -316558052   301714921   -858648144   243871234   -58952830   389092384   -799346876   -546237934   -501131196   -780572267   527211323   -942160374   489637411   878505954 
-608140190   50488823   -708225062   -579576650   -307564920   346220519   -408685642   525096983   261868972   878753756   -466028224   -472206302   -486366651   -362230063   -474430646   79529886   236076549   -405267209   -172059775   -337673565 
-337673565   -172059775   -405267209   236076549   79529886   -474430646   -362230063   -486366651   -472206302   -466028224   878753756   261868972   525096983   -408685642   346220519   -307564920   -579576650   -708225062   50488823   -608140190 
878505954   489637411   -942160374   527211323   -780572267   -501131196   -546237934   -799346876   389092384   -58952830   243871234   -858648144   301714921   -316558052   -114289105   -635937104   -333677601   384269330   788841291   -955279583 
996034642   -690890199   -861568439   374454130   -80524611   -716170737   807726920   -813829866   891145768   506728652   517786239   -546280386   -876130269   -406342747   -864292711   -908631932   692934287   -112461901   126142565   -524199926 
974279073   895161128   -733690511   -98521731   736407178   316982955   -18686217   140629584   -843134301   678240460   -315905800   -343319201   697540694   268709837   310740318   903651296   -793556838   -230818673   131488939   -431155039 
56225179   -441067522   12090136   -715117522   988643541   619337996   -738461785   699296163   941467108   169170786   887448607   -117779281   -856341005   -899436530   -170556179   -564548040   635845384   82333384   608865829   323176967 
-55712975   931845113   897317836   -9134171   -817813820   -53795858   -333315964   529658281   -72972702   260427537   914293617   858341263   649591695   495286834   -737089602   -229549286   -584339284   -912064739   714028745   346522839 
616858772   792156629   -540492671   265046   -381285032   990310685   -645454710   498108016   -865503866   105836657   33228025   -982779330   846037399   68761744   492953564   568269216   58153009   -201843462   -370766180   823109302 
-746270496   -236089496   -811449206   -443333371   -744330614   -824416533   -539413323   337754460   131712037   -196576609   -690087230   519582728   280362584   268953030   -67935725   645982254   -664995315   929420770   533718096   517030659 
-860142615   210392604   -998956958   966182205   43215300   -398987284   279743389   -541456670   -309045530   -484091806   936620963   234141619   750192775   910469994   99815017   -355467679   -411983592   -326387672   727809700   409178699 
612385407   863442487   -287511085   -848561067   -679128817   -780575580   236444018   663581726   -425017753   -893215627   -432281418   -712362387   -616215549   -174036722   -349181286   -774835883   861674108   -104773416   482654357   544516384 
20
168178570   -773446759   137432416   -592190160   474279123   130153090   -809487234   -270657594   -215890814   -201242872   -591598745   757982086   302050937   -762424441   834082746   299219892   -586724354   891617448   701460960   986437033 
446998822   644100527   649115343   294598219   -642513936   680104869   939566978   -275501209   -980777818   -735754421   -240336669   -664874179   990170903   211200001   71581530   951668192   50612998   855015367   -521970645   -289635612 
150385372   -869352260   -819360382   70584788   246224497   486354162   271694321   874518332   150895371   721340429   145598297   227302381   275989182   -114609476   844027300   687011663   540791509   -374578436   -679796005   94400443 
235218471   83496117   876891903   -592525393   -113276856   256634847   943441065   900139553   -909932213   644616163   555020091   575988215   446732217   -893672799   526868985   -799197706   982116896   -502686228   -894677905   -655512688 
-238019769   -497660959   215632553   -85762363   -841307601   -657040040   903418365   -564597408   -853887352   61468166   937592819   -597303161   -976934893   -144873639   -347100799   330639718   -26470113   321561153   -64342084   -785292075 
-819348622   -397041338   -316300848   -828830111   -421839484   -212716188   -401082703   80009845   399044878   712554356   -146398720   -309524884   1313188   -776564576   -264360   -933485746   794350659   890368185   405159475   333285327 
514357674   -96767086   154469392   239007737   257250925   565803602   654012604   385696372   -552130452   -182873204   -803063316   460725220   186616574   -216900442   -383188664   -358434179   -472147825   376637904   607163553   -328102863 
-419750515   -551616421   361428430   -449310207   530971338   800637349   153467274   -274835324   924969743   -816027515   -63968437   987763333   352265755   -496908690   -28672188   851836690   27052541   858531533   -335895802   -15001411 
-227018463   630681906   -765558554   -348422391   -583560145   -327393450   112490834   699298637   874843503   683433422   374055019   -362118343   -609417573   -834835569   712470946   327675484   -337576434   -220228178   569647088   239906075 
-558814601   91738740   297013085   465125722   -340829478   -435604389   -929341340   -378369216   965475274   461009932   -375309265   -905112101   420316616   431734940   -130960771   -566137265   860889762   82532296   888644887   -536543787 
-536543787   888644887   82532296   860889762   -566137265   -130960771   431734940   420316616   -905112101   -375309265   461009932   965475274   -378369216   -929341340   -435604389   -340829478   465125722   297013085   91738740   -558814601 
239906075   569647088   -220228178   -337576434   327675484   712470946   -834835569   -609417573   -362118343   374055019   683433422   874843503   699298637   112490834   -327393450   -583560145   -348422391   -765558554   630681906   -227018463 
-15001411   -335895802   858531533   27052541   851836690   -28672188   -496908690   352265755   987763333   -63968437   -816027515   924969743   -274835324   153467274   800637349   530971338   -449310207   361428430   -551616421   -419750515 
-328102863   607163553   376637904   -472147825   -358434179   -383188664   -216900442   186616574   460725220   -803063316   -182873204   -552130452   385696372   654012604   565803602   257250925   239007737   154469392   -96767086   514357674 
333285327   405159475   890368185   794350659   -933485746   -264360   -776564576   1313188   -309524884   -146398720   712554356   399044878   80009845   -401082703   -212716188   -421839484   -828830111   -316300848   -397041338   -819348622 
-785292075   -64342084   321561153   -26470113   330639718   -347100799   -144873639   -976934893   -597303161   937592819   61468166   -853887352   -564597408   903418365   -657040040   -841307601   -85762363   215632553   -497660959   -238019769 
-655512688   -894677905   -502686228   982116896   -799197706   526868985   -893672799   446732217   575988215   555020091   644616163   -909932213   900139553   943441065   256634847   -113276856   -592525393   876891903   83496117   235218471 
94400443   -679796005   -374578436   540791509   687011663   844027300   -114609476   275989182   227302381   145598297   721340429   150895371   874518332   271694321   486354162   246224497   70584788   -819360382   -869352260   150385372 
-289635612   -521970645   855015367   50612998   951668192   71581530   211200001   990170903   -664874179   -240336669   -735754421   -980777818   -275501209   939566978   680104869   -642513936   294598219   649115343   644100527   446998822 
986437033   701460960   891617448   -586724354   299219892   834082746   -762424441   302050937   757982086   -591598745   -201242872   -215890814   -270657594   -809487234   130153090   474279123   -592190160   137432416   -773446759   168178570 
20
460199355   313185592   926009469   368575375   -867929878   751602489   -867397321   -229702933   -368598825   -674225679   985389836   -215813893   -662035502   753600895   -633899722   366478142   -899177485   472097983   550436968   665700648 
782850731   -927122908   177589414   718904774   132568084   61452592   -336060346   -726863633   -737946077   174198289   221726509   -169551440   -392513679   -366548482   519487660   -203973331   922217543   519935536   132129772   -402504510 
-481808481   605249951   755632261   -592537786   -784485284   -672652741   797745097   727756244   665537201   458113497   487871148   126796998   419686640   689913601   54634216   -816702923   -729509170   413092897   956906144   623049598 
-2404377   177042852   965066305   134475880   346205970   820642832   424032258   -243281479   -519467538   124740284   31426300   287043787   -834517957   -262625299   -127261295   518939048   301097286   -761459418   847182261   -933748861 
-670557192   -663170849   181235597   -824949682   690020729   -251061756   -503854865   367981314   -917927631   662366832   -315708331   898200301   -366249694   -305403747   -324144587   -953330666   895421200   911402269   -488704989   -902442132 
-385629626   -421843121   122807108   -40674910   628766642   -982364735   -564540069   738043029   363301516   905674442   -384595380   250081083   944819848   -608141298   -149025129   103466077   718652532   572999353   -73297000   73884771 
-267408072   -675977718   473198896   305194338   421208605   894258239   932776561   -68836989   390708363   -968485528   465132129   -498384295   998657085   396372178   -898498614   740549621   -875817115   847635930   609615196   392823626 
-968716211   679909513   -120097049   -91555054   303422990   -250248126   -2772199   -841659745   -737485993   535660912   -114744596   -926481834   -4905272   784804286   -812719391   -758975472   445823195   -788971903   -485352589   -834870533 
403203628   758044248   602067422   879213141   -413713602   623013829   587273705   207425227   63742099   -229233997   273657462   411621661   -37589445   -229137316   -918763558   -891493788   491568368   -937863145   -583362363   -59159433 
901894988   881892073   -992233738   -360178150   243356038   305982633   -147754417   -714972312   87428475   924468915   -927903992   564568016   550629903   -228700618   -988748600   727186069   -107116228   352221607   951876979   656132433 
656132433   951876979   352221607   -107116228   727186069   -988748600   -228700618   550629903   564568016   -927903992   924468915   87428475   -714972312   -147754417   305982633   243356038   -360178150   -992233738   881892073   901894988 
-59159433   -583362363   -937863145   491568368   -891493788   -918763558   -229137316   -37589445   411621661   273657462   -229233997   63742099   207425227   587273705   623013829   -413713602   879213141   602067422   758044248   403203628 
-834870533   -485352589   -788971903   445823195   -758975472   -812719391   784804286   -4905272   -926481834   -114744596   535660912   -737485993   -841659745   -2772199   -250248126   303422990   -91555054   -120097049   679909513   -968716211 
392823626   609615196   847635930   -875817115   740549621   -898498614   396372178   998657085   -498384295   465132129   -968485528   390708363   -68836989   932776561   894258239   421208605   305194338   473198896   -675977718   -267408072 
73884771   -73297000   572999353   718652532   103466077   -149025129   -608141298   944819848   250081083   -384595380   905674442   363301516   738043029   -564540069   -982364735   628766642   -40674910   122807108   -421843121   -385629626 
-902442132   -488704989   911402269   895421200   -953330666   -324144587   -305403747   -366249694   898200301   -315708331   662366832   -917927631   367981314   -503854865   -251061756   690020729   -824949682   181235597   -663170849   -670557192 
-933748861   847182261   -761459418   301097286   518939048   -127261295   -262625299   -834517957   287043787   31426300   124740284   -519467538   -243281479   424032258   820642832   346205970   134475880   965066305   177042852   -2404377 
623049598   956906144   413092897   -729509170   -816702923   54634216   689913601   419686640   126796998   487871148   458113497   665537201   727756244   797745097   -672652741   -784485284   -592537786   755632261   605249951   -481808481 
-402504510   132129772   519935536   922217543   -203973331   519487660   -366548482   -392513679   -169551440   221726509   174198289   -737946077   -726863633   -336060346   61452592   132568084   718904774   177589414   -927122908   782850731 
665700648   550436968   472097983   -899177485   366478142   -633899722   753600895   -662035502   -215813893   985389836   -674225679   -368598825   -229702933   -867397321   751602489   -867929878   368575375   926009469   313185592   460199355 
20
44943912   672342975   -532677388   -10890124   900902163   563162082   905716331   964907336   740173987   -584408061   517751793   690270107   -525884721   713440669   987679229   -370510927   -282923720   -615061781   789210023   -826277772 
-632506040   -13255166   601033626   257852377   -124425168   249855136   -592752550   -244772294   -649209989   -902081540   505540085   820342011   -406669104   737661835   774822982   -139379666   935996535   840227091   -818770816   -431947505 
335396193   -174701491   574926764   954038597   691399704   689580300   -37842813   95904096   516648906   125169488   -846036231   -877055297   609686867   -370174942   -529905657   -834164880   338798933   889640721   827588596   233074939 
-765720976   -206694651   484125974   -57496046   -849725548   412395855   -357558746   630220679   266046307   187416175   -990800487   -780229518   131925789   661302631   931320120   -280138330   -609330698   -743265658   323250902   -598207538 
-375059367   -106829851   -434189861   -911113751   -47613834   374644073   294985801   120915167   835198062   283813725   449372495   -706334264   406273542   -698497936   77653472   -400952443   -384720653   835815278   -202240604   432626763 
-164835982   -805883060   7253378   -422716629   -390161623   449623748   -453156953   -502408026   883290396   -473476316   -550580207   456432397   -934446817   -534675300   73363999   865568958   -576192386   -937548488   183152088   191168876 
-210550777   336616952   338025448   -695349957   -237026837   944885981   301003287   -602485420   -688621036   221101524   -805754063   539371666   647132985   351244370   -490085282   388405615   914924772   -188406025   480200980   -128678122 
-632763717   653524681   -388666800   -683283636   114927048   140528043   -61164573   573595286   -257563999   522849523   -342311627   961412306   647857244   754875909   -708690924   -221603897   282116601   864630725   -376365507   -165754285 
194562943   92073999   59227874   -777296662   83572361   89053164   830099256   -621035275   647942981   -618671154   922714010   257325467   -252510545   852562029   -945387428   -598985530   -113949938   -503646928   497136539   -749171423 
-581337130   -701677260   -547618716   -276925092   -917765092   -334342530   -46189182   -89991729   -861686945   -135112547   -190872069   114659297   274069359   478113343   -612140399   592770841   966555923   80544273   637863193   -726052992 
-726052992   637863193   80544273   966555923   592770841   -612140399   478113343   274069359   114659297   -190872069   -135112547   -861686945   -89991729   -46189182   -334342530   -917765092   -276925092   -547618716   -701677260   -581337130 
-749171423   497136539   -503646928   -113949938   -598985530   -945387428   852562029   -252510545   257325467   922714010   -618671154   647942981   -621035275   830099256   89053164   83572361   -777296662   59227874   92073999   194562943 
-165754285   -376365507   864630725   282116601   -221603897   -708690924   754875909   647857244   961412306   -342311627   522849523   -257563999   573595286   -61164573   140528043   114927048   -683283636   -388666800   653524681   -632763717 
-128678122   480200980   -188406025   914924772   388405615   -490085282   351244370   647132985   539371666   -805754063   221101524   -688621036   -602485420   301003287   944885981   -237026837   -695349957   338025448   336616952   -210550777 
191168876   183152088   -937548488   -576192386   865568958   73363999   -534675300   -934446817   456432397   -550580207   -473476316   883290396   -502408026   -453156953   449623748   -390161623   -422716629   7253378   -805883060   -164835982 
432626763   -202240604   835815278   -384720653   -400952443   77653472   -698497936   406273542   -706334264   449372495   283813725   835198062   120915167   294985801   374644073   -47613834   -911113751   -434189861   -106829851   -375059367 
-598207538   323250902   -743265658   -609330698   -280138330   931320120   661302631   131925789   -780229518   -990800487   187416175   266046307   630220679   -357558746   412395855   -849725548   -57496046   484125974   -206694651   -765720976 
233074939   827588596   889640721   338798933   -834164880   -529905657   -370174942   609686867   -877055297   -846036231   125169488   516648906   95904096   -37842813   689580300   691399704   954038597   574926764   -174701491   335396193 
-431947505   -818770816   840227091   935996535   -139379666   774822982   737661835   -406669104   820342011   505540085   -902081540   -649209989   -244772294   -592752550   249855136   -124425168   257852377   601033626   -13255166   -632506040 
-826277772   789210023   -615061781   -282923720   -370510927   987679229   713440669   -525884721   690270107   517751793   -584408061   740173987   964907336   905716331   563162082   900902163   -10890124   -532677388   672342975   44943912 
20
959155048   131123869   236656230   -489805997   485939875   503226946   -484683661   675774816   144077045   -297979303   -150815493   -281405505   709634714   -513116461   -701326361   -881402000   -396161739   -127254297   -36407171   902652235 
865559192   -711771822   558999862   104667783   337412864   -249458860   -461510230   -490111   -622946053   566815797   -967099166   -777806664   298274486   -116299253   -109011148   954971300   -820168627   589270646   -922090643   694781073 
991510667   667928116   -256606363   290682062   268719387   917574172   -411681057   -772453526   86625116   28263262   -358476322   -214991738   -955962355   -434312277   -588549155   237404025   -727798712   190873098   -332301572   260360772 
-252987664   729143933   -78707689   -960045557   270226690   -838520054   492207056   806510108   -842479737   607476733   568044386   868143113   55395324   38012671   -637590655   133096100   191710463   -780171415   770273574   925853975 
-939473459   97006298   623380706   -762172392   -919730179   987057333   946232611   -4406411   250541561   976852301   906108327   -310958969   841459118   -727022860   248253673   165577145   -601335459   -597541574   -192468203   707857846 
-987164876   264832941   -759198963   552493132   317266772   896767919   -552075798   118139495   330477664   -391164243   172678102   320917288   -751585050   345863105   -740592487   641379249   -745712656   -795064467   -629447352   350106323 
760519781   -94822863   913074061   119317357   -891131819   -530044934   -257725124   644375052   -74994668   -749628423   -476171906   -533741049   465189846   -725306044   -533222109   -247481998   -137627623   340507885   464323963   393369842 
-105495730   -232387559   714847064   -799503695   -633775137   -877209765   -216857432   -551977533   -431459434   514911204   929470867   880760952   -167986370   -659478260   896491463   -167785989   -809849230   -735443088   -225940996   -15160554 
-174626339   907181016   -158679324   217997291   -476973652   -171057889   -653265963   -279708409   -602624092   -757528797   292805505   33460780   133100470   885984516   21857521   409837752   871786380   33246856   -567757446   672329229 
251244489   269483043   690465351   -599071232   -66948507   -780532276   485467645   695429083   -684495913   -971246458   -989496660   -935969005   -149544583   -153641478   -696192925   -395598922   16634798   970653560   -300949316   393048952 
393048952   -300949316   970653560   16634798   -395598922   -696192925   -153641478   -149544583   -935969005   -989496660   -971246458   -684495913   695429083   485467645   -780532276   -66948507   -599071232   690465351   269483043   251244489 
672329229   -567757446   33246856   871786380   409837752   21857521   885984516   133100470   33460780   292805505   -757528797   -602624092   -279708409   -653265963   -171057889   -476973652   217997291   -158679324   907181016   -174626339 
-15160554   -225940996   -735443088   -809849230   -167785989   896491463   -659478260   -167986370   880760952   929470867   514911204   -431459434   -551977533   -216857432   -877209765   -633775137   -799503695   714847064   -232387559   -105495730 
393369842   464323963   340507885   -137627623   -247481998   -533222109   -725306044   465189846   -533741049   -476171906   -749628423   -74994668   644375052   -257725124   -530044934   -891131819   119317357   913074061   -94822863   760519781 
350106323   -629447352   -795064467   -745712656   641379249   -740592487   345863105   -751585050   320917288   172678102   -391164243   330477664   118139495   -552075798   896767919   317266772   552493132   -759198963   264832941   -987164876 
707857846   -192468203   -597541574   -601335459   165577145   248253673   -727022860   841459118   -310958969   906108327   976852301   250541561   -4406411   946232611   987057333   -919730179   -762172392   623380706   97006298   -939473459 
925853975   770273574   -780171415   191710463   133096100   -637590655   38012671   55395324   868143113   568044386   607476733   -842479737   806510108   492207056   -838520054   270226690   -960045557   -78707689   729143933   -252987664 
260360772   -332301572   190873098   -727798712   237404025   -588549155   -434312277   -955962355   -214991738   -358476322   28263262   86625116   -772453526   -411681057   917574172   268719387   290682062   -256606363   667928116   991510667 
694781073   -922090643   589270646   -820168627   954971300   -109011148   -116299253   298274486   -777806664   -967099166   566815797   -622946053   -490111   -461510230   -249458860   337412864   104667783   558999862   -711771822   865559192 
902652235   -36407171   -127254297   -396161739   -881402000   -701326361   -513116461   709634714   -281405505   -150815493   -297979303   144077045   675774816   -484683661   503226946   485939875   -489805997   236656230   131123869   959155048 
20
-541047744   -8063935   -91161730   -948505845   -507395345   -178659757   -781023950   -664045367   939316491   -949472299   689043168   830739004   -469711097   -392202679   99710055   -40730460   -937493024   232069038   -208585802   216578418 
-439465599   -859462652   687598218   -413181301   -218319202   180516853   -916468749   931663243   419069615   115649566   -609134452   -423732411   -465135640   793350600   -611625278   157527581   11855264   -597099464   -379253820   72756913 
368292237   612602158   873571629   -12326795   261708497   -340697218   95083893   -695062130   -249634165   560542571   -295176635   -937392323   -727953127   -256171596   -277845790   173872503   897844267   -20425345   -300251072   581280688 
-102720379   204322920   840805824   999987316   -705094500   -410900408   -738041741   589455999   101099733   375589351   891510285   -823117110   165630344   -355701342   -34827049   680787572   -585797919   -306282748   588331439   685168817 
540652977   -63293016   901878907   820667413   413434932   542997422   108653305   328275857   694397457   -806546597   647815474   465590731   981661859   -263733814   -348374318   -153839209   -175352482   194909762   -656309074   -576488135 
437712182   -477751046   -401384878   418264288   519507219   599797851   996329264   531756315   -903626812   555084125   119832467   319506777   -557966115   -574228992   -60438188   -628203222   715644256   -158464824   -879100981   770308934 
121604718   945533084   612149492   -891715625   240799741   -564004152   899731700   421531591   106406081   321743738   334567452   525513195   -225590097   -773787217   -825583168   -415028491   812940408   50889796   557365450   594473168 
-251369630   -212740890   953038680   -305204472   985213024   230132879   456989176   485756683   -759963980   558851692   -941440032   414718821   -440044024   -256901242   488752787   840818055   240910537   -931707770   -242637916   263000285 
-816465404   -732023909   -835622496   -526810046   360362056   896688606   796439933   436401725   433356706   551388781   300550341   483427736   -196548744   -715786315   465103321   691582123   248022664   -972131663   -350770324   -73800389 
128059881   378551402   -191860486   -205064937   -763685466   361356161   845307649   552291285   -147985523   -290350095   -33950039   -718856217   -156095378   -671204716   -534092033   -442056819   676936900   -539418023   51437432   -547355477 
-547355477   51437432   -539418023   676936900   -442056819   -534092033   -671204716   -156095378   -718856217   -33950039   -290350095   -147985523   552291285   845307649   361356161   -763685466   -205064937   -191860486   378551402   128059881 
-73800389   -350770324   -972131663   248022664   691582123   465103321   -715786315   -196548744   483427736   300550341   551388781   433356706   436401725   796439933   896688606   360362056   -526810046   -835622496   -732023909   -816465404 
263000285   -242637916   -931707770   240910537   840818055   488752787   -256901242   -440044024   414718821   -941440032   558851692   -759963980   485756683   456989176   230132879   985213024   -305204472   953038680   -212740890   -251369630 
594473168   557365450   50889796   812940408   -415028491   -825583168   -773787217   -225590097   525513195   334567452   321743738   106406081   421531591   899731700   -564004152   240799741   -891715625   612149492   945533084   121604718 
770308934   -879100981   -158464824   715644256   -628203222   -60438188   -574228992   -557966115   319506777   119832467   555084125   -903626812   531756315   996329264   599797851   519507219   418264288   -401384878   -477751046   437712182 
-576488135   -656309074   194909762   -175352482   -153839209   -348374318   -263733814   981661859   465590731   647815474   -806546597   694397457   328275857   108653305   542997422   413434932   820667413   901878907   -63293016   540652977 
685168817   588331439   -306282748   -585797919   680787572   -34827049   -355701342   165630344   -823117110   891510285   375589351   101099733   589455999   -738041741   -410900408   -705094500   999987316   840805824   204322920   -102720379 
581280688   -300251072   -20425345   897844267   173872503   -277845790   -256171596   -727953127   -937392323   -295176635   560542571   -249634165   -695062130   95083893   -340697218   261708497   -12326795   873571629   612602158   368292237 
72756913   -379253820   -597099464   11855264   157527581   -611625278   793350600   -465135640   -423732411   -609134452   115649566   419069615   931663243   -916468749   180516853   -218319202   -413181301   687598218   -859462652   -439465599 
216578418   -208585802   232069038   -937493024   -40730460   99710055   -392202679   -469711097   830739004   689043168   -949472299   939316491   -664045367   -781023950   -178659757   -507395345   -948505845   -91161730   -8063935   -541047744 
-1
