1
89223988 
2
-485901564   283308315 
-904988512   829171368 
2
767702653   200519687 
-148130886   352660567 
3
329364033   500102683   434840215 
594261524   337317543   -230766490 
-949411047   367162760   522792717 
3
489856102   -466224279   945238297 
88280090   -472295361   -374071770 
-642889293   -748562899   673758585 
3
592169091   657021421   -818810113 
364017725   -855031563   307856457 
235956746   -290865986   -267964706 
4
278717752   -346428223   -818333248   -589544927 
-612380824   261727343   -124504080   163943644 
147054043   -631268564   -673045857   -88807986 
-478438286   -867859711   -746824787   385949664 
4
-635219868   -638962952   536732238   -209386095 
-932621447   -284927111   97383430   805279832 
669684558   738637941   -85211126   -972353462 
-138667656   -142557844   -198415807   491973390 
4
277998095   523685684   665201237   83470924 
944354168   -706976919   -446545395   552108200 
-716340660   340861897   -456052064   437764281 
-99008757   800785940   -572281446   682144650 
4
-557383750   -589458207   344915548   639429002 
-900444855   167957755   455960374   852848211 
974783755   -840731268   -151258948   -932900976 
97028305   367862760   163760795   815944867 
-1
