5
-21221123   -477040721   -779638898   -83223105   183841784 
-646504322   568572759   -443121422   424977380   -128988947 
284297656   984732632   219011616   -634745036   129908119 
938227186   -201501012   716860324   -941580686   527269537 
219412786   268353635   -564482401   146456447   118123108 
5
-514742061   -280352489   535428479   812002797   -911684064 
-350362633   751085038   -825068130   653524598   -595068034 
401441139   -527074352   -302448882   581770102   -966520965 
882862634   336025096   365745941   516618150   -771067656 
-473878676   -254441636   500130739   841247123   -954757327 
5
-722817096   955510101   -245529264   167022395   -991567893 
460451890   -495959395   701699795   303856858   -16226148 
-379793479   -531936427   -101134928   917919319   -749185686 
-115898188   190057046   226494126   -794303647   971538323 
-835510585   -861756214   -843399296   -441561734   -57959441 
5
851738724   417716155   -24064730   650817745   -748899213 
979437206   -89298679   -550735070   689882855   652143765 
159485145   -981809061   -763550125   -400739565   314302683 
413158020   292706445   -524349808   924781706   -281696132 
-338499410   506688499   -127784498   70612416   -661535368 
5
467814164   -265777232   -786982149   -273113069   -547118874 
109697110   751575830   -503017290   34509300   -223468148 
694607001   941535847   -396064706   847955279   497277964 
502277756   -159377212   -607977234   -312575439   737110565 
752009010   -765687165   -812864943   545030719   -447708243 
6
-459379295   -605164596   777679158   817267200   -467511622   624854245 
-489331870   -360623752   408055885   100280428   627756984   -429364676 
-974553923   -214724054   706455414   138510461   747022351   -739984037 
-283265603   586701557   -388806218   -835922647   -667082223   -572251648 
936667178   -371472422   455644199   -136360671   888457164   -552243090 
-626141782   -442932990   249691411   -466202339   974683793   80874100 
6
-267270960   723846735   480982632   274865326   745103160   721232416 
485924024   973644925   -629614705   -165687890   -86564209   -99198246 
-23493054   597648231   958909575   975531151   651410307   -11951666 
185415128   -926778746   -200452857   64468856   -979193454   -820747483 
516230113   586629952   241144925   -326158634   567746758   122350127 
-478951234   -463889143   -669844438   108395197   989108473   847680003 
6
469781601   -901050516   -252102975   422483076   -200861945   224790868 
15905157   305131359   163114340   907962261   51430697   -360098222 
-949043178   549243622   74251275   -823378593   625216230   53614548 
888027981   797596763   967395690   -490826990   438234874   -802829980 
-529345355   -42951749   -773565127   795305335   718185104   395934315 
156002165   113038859   -623553316   -224432794   -817121367   777530607 
6
463091163   894324842   512458159   -719568588   -360842983   -894543188 
-814824545   -24406332   -998249866   392347106   -405414837   -176250236 
328460086   -853173655   -277930028   116841409   -435844741   323590631 
408489809   -857098919   785215289   -120968115   -644707503   519147614 
598442675   -333756067   372682563   -316036118   976656277   284309191 
861479027   811604610   878283070   -194794785   323517478   420168947 
6
114808768   936613430   -356353700   -907088056   -871135473   226612681 
121425338   214166852   -476333095   -338631659   -759842697   -592432967 
-674242130   -904966213   -147413786   -949585527   -367640684   -145635275 
-285895045   -387888170   -309250023   -330140610   -172510770   635232441 
196855248   471366337   -81347596   606332260   -834466536   536739246 
-261605909   352415628   364763220   -24021056   -930690028   2322859 
-1
