6
232105301   -745113459   311395302   -711148059   996997609   -124125725 
739482342   -265984957   -468769673   357502466   557075891   218294671 
444524860   73686724   649255112   -196618764   202665031   -862980079 
368166264   380467324   -444803755   497899008   -847933587   -407479970 
963414416   730460371   301547113   -188617957   963571096   -949757497 
-971763363   -61068822   562797406   -304292808   396534621   -773940709 
7
-987356854   -47467351   -121494178   -708729246   -791984982   -986254604   449559005 
378158672   -702244381   473075453   -208815284   998943720   334094291   380273194 
-21269202   -856876729   396100948   -705689195   -168998165   572090647   688125135 
-21406077   -336339302   -760535997   -579828354   -556988316   -751493982   -995608438 
835006764   -264675467   -951424288   -669054282   -214697066   -923736974   140136629 
891364239   -956428058   76702348   -987861603   800216795   -693483247   447555251 
-122310406   -254323735   324422509   736940055   509382286   526567542   -278762654 
7
627356792   107451444   -80755487   193051378   -488486591   572621569   642417852 
-72209904   483260285   504413229   367767206   224954832   292395919   -637223679 
332946058   81737322   382593321   -567224039   326276595   337971442   -516158347 
722976849   540104316   997993787   314402540   -332657541   -802023726   657338959 
943762531   -306128920   557083418   194740247   -222851800   -357247968   -33408803 
-387463299   687763490   -272013389   380630721   -132664317   -269474174   304342784 
-60740830   17714945   443920171   -23450269   32493214   -11044401   235833882 
7
389071120   59894917   -892872356   -492233435   163155351   -975075902   137750328 
-165253308   -284569409   -305496819   -280482070   813796420   261711584   -425638080 
-182977810   905800617   -637312529   547967404   801848052   -685256049   -259084606 
-463117333   -841574893   -186226317   587781009   -232768473   271640523   -201158384 
-574497555   535101261   -96318071   -440834893   771696634   -896648099   463040143 
758706652   511807441   735557546   -6023404   478881483   773192435   -5976222 
-965077359   -104982249   212510457   -887165944   939716803   -815465371   -56941364 
7
612613250   996660689   -825329056   -586455805   -283536952   525181189   686874063 
707201941   158714436   759854016   506984334   -464948283   -106489717   -352168535 
278838681   901258730   -190397081   873068595   986046409   -32974690   -417270951 
-79797138   -8254832   225494288   -471478978   292259171   -72129289   8051038 
-738627671   477040562   834881585   -370371180   320852539   209581441   852204707 
784062316   -862417408   -427730177   933817235   73652971   221900370   -610107352 
811967394   -916289029   -124074975   304088020   -858956565   -905244942   -915074587 
7
946633222   -294690217   844679438   -986206309   601707458   362491553   -907068728 
-884489889   82933469   -211397118   -512030486   -183186852   821977358   -359062582 
-276617089   -534659683   -680116725   615364991   460183130   170733978   -40651629 
-165295530   564948782   513351747   -546399017   -491855498   -917674312   771416416 
-302418933   46853066   -642343231   463461879   508959627   -718953827   -889749121 
71362364   605475794   -504657904   61965569   881303987   628947136   -54806580 
796335733   2331055   -433565505   -281331483   -498064029   381169584   -788150144 
7
-400211432   -60760964   -979731198   -934640637   953021291   -924987150   534051632 
-907337499   862262492   -952093629   845530525   -172014216   56041454   -467109194 
30158175   -206081246   239364329   -388523526   101016640   -560928445   399930496 
725076059   342717575   845544538   773644153   -923812935   231390447   -577824607 
-340764173   275072195   328964799   -785236100   662375311   -543900   -95128345 
-65721500   228571803   820370990   -302864702   -642916723   864554056   -103769822 
684926766   539557921   -341359099   494883329   994996824   675553519   267783033 
7
613545153   701131126   438073930   -905211370   262997378   611012928   125003383 
52701909   705555347   149581409   389889127   -145954834   -768873060   -893050032 
686876284   869248194   -643313719   513078676   229433249   -891841905   -216116361 
-663145652   731501103   244421915   -735697487   649345337   204159806   -342192109 
608709351   856893576   342735114   113439644   408502178   -569623796   -352182160 
509100   993633223   618546980   -567154066   -982596600   183918017   -672179274 
741556495   169999210   -705823516   997752935   -912990030   -168192102   60271150 
8
-115770891   733540892   -43309186   -776388427   850486112   -122716099   502281059   -185878155 
-685978213   -371597233   458361959   805288040   245077263   -539816688   -534307265   62200742 
-848045817   -862857835   839741429   415448885   931917431   834169712   -953816175   645732193 
-221595486   665089948   894475096   -540965176   19438342   520083606   -311282564   635115316 
-523374838   -743749068   672961299   -460555643   994152190   904247900   841410316   -265813709 
338873336   222797161   967322468   -385746002   80213961   -88856114   367074657   25565040 
-293087122   -642286912   -370105173   879085075   -577379994   952416845   -179105741   -87844381 
581512972   -372848357   -190085971   588088103   -816763758   -479852948   -425906690   -637765804 
8
150626250   284769540   -174827332   618482881   -320647135   -395266026   -326649446   327540221 
920630090   800560239   -404152531   603220706   24384338   -413066157   -538922401   980635058 
-359276730   -551597881   481409502   -132129831   745824388   883016201   540956278   -295854725 
273067062   577904653   135050000   217430270   931408334   915972990   205164370   -593208865 
-845918160   -807679444   821070906   700144448   112780813   -446764915   848833424   216946363 
-519454135   -95236711   452961525   -90790674   -749943009   691533142   -935526289   -58594465 
887833700   69837569   839730775   281166045   192148199   810346457   937239047   11176924 
554334127   -23433130   -822898486   -886524738   264423954   810348971   578265582   502299535 
-1
