8
321410983   260646692   154707890   -51220624   909114612   235358396   569001218   -920255957 
138589965   -237645020   -488519082   797522942   -913638337   -436836227   935724065   -940621697 
-968321557   -535320443   -815562400   -469415015   500873858   -668304375   400245562   -492341313 
241189766   -46925943   -44659645   451045850   223707421   695186686   -825324575   -43563503 
-486123569   940701572   582922778   -178720636   927594737   -123976883   714515887   -426363175 
11767747   65360652   733635060   -598673743   116006338   -682800174   471924274   -341302329 
980231060   -460374262   522950360   -525947186   -923790659   104596611   575991165   -942327635 
-259791576   -532023753   542115737   292801414   -909176763   -695143824   92126777   -495586982 
8
69404614   -424428775   -55898940   -11264044   763825797   -149273416   -90470338   -417498598 
-68909352   -363876407   722712061   -543701271   -114138569   330026068   562959378   -570909781 
915156904   -237626889   823120413   567666670   213155485   -101489985   -291177932   304900582 
-544755707   760955162   -502420224   160221668   75206268   -664482225   -147445984   -165358596 
23876742   503456989   51693177   -556659681   902272380   653228186   -172906171   -301294822 
-404566142   -790866778   927259717   -71530827   -511597416   -9792708   -352007560   356791010 
-210497363   42232026   -308091686   766372133   236119712   -769629794   808251657   85812163 
212284852   492352714   280897545   -410205519   975564970   960183886   573774729   -442174297 
8
-153044866   270180258   -62979279   13783244   -723161775   533526242   727239020   795612996 
570137434   223344226   414221792   917410750   -730546785   -668487608   -803833980   -953141903 
705608813   -661298303   -853190322   -192324673   993250707   -234500288   900980607   180382201 
-13135969   -870443132   -778365800   755575561   16744265   805495870   -114598179   968014761 
60034984   -752156152   -261198642   -214014112   -314199986   513051683   -411096348   42054138 
-638000504   -477720526   -204426856   306285310   -801477137   693268940   -72142567   647077439 
175638653   -12500883   89552533   -570072746   556606852   588759555   366701078   885158017 
-854348916   709162038   -72651739   882947503   -264090899   -82838477   -249876531   380122883 
8
-489362894   930831881   697135228   714965396   700325690   176600177   -824581469   -203383671 
-461882027   -890349995   -828952976   370434912   419687475   -723302597   -795701421   -792116299 
210763101   -645717509   154610005   -539839635   -199862632   346719846   -88738026   374787044 
-239371441   782206028   -422718459   579167972   -254247538   -540629904   -421385745   578854893 
-746706581   106347647   -768662244   221951031   -409979013   934501611   -62040625   -531104126 
948368127   -97515549   861743031   852532813   -52399767   301732764   -483747391   585375320 
-644313823   755422759   108486569   -956013749   -496735095   853251976   -663584869   -354640919 
-389622702   601462452   -3902779   -843665150   -394305892   991486187   -348974320   64085247 
8
934350119   -599421985   -314817474   888385557   -650577819   -29986691   -471244213   -386772781 
-56538964   -622264277   -28841536   -321485338   -231547785   147069605   853198509   993145156 
-212831908   -885428082   403858728   498696531   -124035006   -288224906   -534930278   -406556454 
598306543   -109673756   925372958   584986320   -136684578   -977707155   247295958   104648327 
678138777   -721204591   -968449758   772382061   -605629261   363210512   419215283   595175553 
477622798   -223906915   871524656   110703794   -540484341   488289929   -35022339   650382706 
-441663954   -255193047   -897644103   138444088   -959911470   921956185   994475477   -331213335 
595797430   -751514221   13924301   -471206818   160012506   689713678   820239518   654319240 
8
809715265   -129603902   -571792272   919263710   -492925486   390953459   -567462009   -442601739 
455446900   -7536437   -352161402   -591768600   879658699   942859160   381986641   -442742112 
-434165035   767947023   442705138   838608818   -713394133   437603525   830234269   -688797677 
6310695   410043305   253580340   923731413   483096209   -740380835   368633602   -467389034 
-862143352   -593275209   930005281   -822463373   -240310185   -901361560   769956045   -193240175 
-375579456   -505742806   -431769331   -947555068   320659541   -285570887   474208124   -178721337 
595434567   66405212   -451377856   -65045788   275912061   -621999621   513227883   -809078494 
-89599346   -216316658   -782289229   422367573   -294573797   744029684   169350422   -673740409 
9
834235097   650350038   -80133984   445387612   939226042   -68333205   431238477   159081971   335424589 
-222956214   456879008   -136916281   -644989329   -112491179   145449002   967333929   730693625   -783004501 
-756708134   928351153   814015875   -596831206   74629586   355880651   52487449   -899379646   -562278474 
-226134917   114759759   -336657594   222854087   697337117   424776961   -174890707   -23137945   -816925812 
-836765365   -169417125   -206073422   -713697143   -193711938   315854390   -716323506   325553885   140590025 
899423753   425252423   895208326   -635823884   941554124   10354479   454067037   -817249278   -993489689 
-356789620   -336800821   -706978715   79697401   981659579   396084349   668886010   -721732717   201494971 
-117709203   456252095   -272577682   585449091   -399805981   331462028   703249909   648522895   -353237128 
814133076   -238658954   5878728   -936249363   -991942858   -525771241   -231470972   -570517413   899997398 
9
617906104   591225178   528436813   -539848289   6412295   -211963901   -395178687   -315025101   240924606 
216077659   -229407053   723527102   89016126   250380064   -663321356   369456726   349233816   872169929 
-53643714   246946255   -850349593   -825247102   714684999   -741686831   -179730299   -821630917   -933775518 
-991079638   342261060   -262820279   -287076224   -126392245   856425639   -422168630   51695578   -588054400 
-646096367   874455743   749923497   580513076   -406574420   228185763   -67041849   -793956564   -493487525 
13397740   -394113747   -837668878   -123236953   92654368   705541025   -52676889   -424845470   901157339 
-624866270   -777528585   155200038   890827580   -829066024   -874759355   718717097   -35441632   924181072 
988494497   66119912   -315694612   -126961087   957658798   904699803   -618959484   91516626   120438248 
-714320362   -213657033   814595377   -159879211   -952023181   -271212851   835100562   -467856459   385992902 
9
-881249375   -743240314   914079661   -481585601   654731381   -151656287   -331221872   727582373   -344490080 
191768495   320678638   90641813   -226427231   619847039   2453088   -490816545   -509739013   -470889764 
191160132   -832815106   -622589856   -753629119   68900680   -925480534   -121804883   888776254   433979874 
494046415   716702239   428591194   -57895086   984275131   98935048   -19872005   -620937770   857956097 
878830686   -726273195   606189997   508073196   836445299   -105842161   -403223889   -680035358   -849930412 
204717448   756565045   -519172286   711294252   985825351   -251954756   -47357365   669292912   -195839144 
795434889   963730737   638616408   756945260   422105592   570535168   100176848   -585595373   804279871 
858146632   972474316   -828901167   738790918   784910845   -705597226   -384531081   -768830846   -420528847 
42538891   -579324936   426291192   113220546   628333931   -37471538   793710624   83534651   964811190 
9
253121102   515274750   294715530   12585140   -25382029   257468199   -7022974   -935979097   -178690445 
697600871   758181931   -395857421   965322714   8093757   541555285   -410251121   32596977   576548994 
658432012   -625611047   153449252   821479571   -428215307   -729939707   -683019604   -333255388   82308950 
219214864   -428856417   -490230331   -46713133   703990734   517368689   36762614   83713492   137365929 
174383688   717389337   810744202   984059871   30000332   -208040894   555003946   -62771841   172510413 
868483506   -342447467   -764323290   616455071   198237459   857516852   -207465580   387288421   -316729864 
-306816522   57944925   928709602   948722477   -226615794   -15583403   884707403   -316863981   662883857 
-343064338   685952141   139384442   929387747   -743620429   59501194   356693629   -820681021   -714191483 
-434337069   124488454   -683961305   325873063   988735986   -394328020   -375753146   710832112   -676032748 
-1
