9
-686957610   735745194   860901945   457907303   -431735945   286954199   -923788589   -935360104   -80906393 
-910328601   -483994689   -919570791   -239343951   -962919404   -660953097   456155462   -138016520   85533780 
-120903552   533635475   900192789   991490   160034615   -366290545   3397299   547618051   939380691 
-972304611   763295178   -646009636   922650886   -553988481   -772916152   -278127641   746961416   -433773558 
336576939   -153545925   -181971384   524805710   430402460   161382170   -282501666   888557216   199098448 
172614331   590410238   -244489987   866749459   313648894   90421998   -77670028   140652630   -14672414 
-71627700   929364949   948352794   750096688   124596608   792774741   -43533490   -66655766   666119037 
609583969   326739395   558802210   -169293301   -953671340   -187247480   262798390   -954484986   -664422249 
-896344068   -678839143   592195839   956908850   805908400   931895434   634634024   47270398   -356389491 
9
55942263   -757421411   322990714   971623376   55795742   -228795062   669028306   630660375   553646734 
599618441   -660628799   355594045   178898887   -776948528   -522898299   -566088701   98471147   -246024658 
396267385   -781977520   -512809609   281709765   986630042   -24130446   944352397   -485439008   -236998165 
-441405338   -925174222   -832453558   749549524   -21034074   -296950937   420636393   -675552156   836077370 
597057253   -779278144   -598474061   -332847595   -573518040   -823412913   -776125420   -345709030   -351597900 
-557612072   11124680   -801875816   -508646634   -323633431   -24467642   753727719   860499805   858648817 
793902473   -721919683   606088298   739896269   -93341384   440194047   -910473670   301864809   -342755311 
245685922   104662027   -22476030   366441588   -193190896   -551483589   -896836076   -790699720   885385941 
-26967886   300860601   -377612183   692995472   842906395   -506613431   565137492   -271361906   -164929718 
9
202080949   58271937   584206140   139847178   -114403557   954180957   -969395111   -737616631   -453931197 
-99799903   -567979123   -497325901   -175940752   62274314   -798746864   950591748   676421200   -366780447 
824249599   540969858   -707968494   -625380998   27755858   654048232   751915220   894235110   362306171 
861439983   83313991   972164895   274755102   -92985867   -203639709   320799668   -222218624   -882548269 
174480468   247786204   -600312606   -37845365   81012682   408311027   -743878824   -806708969   677595230 
-430330175   880033081   -776056359   -125216887   -868193257   -346952812   -173631073   -961770024   -646941753 
-283581432   375358548   -899057931   -630642554   -916440631   -83314066   353469389   -356043047   208741709 
-924177602   -650275951   -764372398   460593331   -434705929   732922265   171537792   -363750329   -881792700 
-536942540   -234117269   -8859696   613619778   -585961177   -482569869   -56276830   452394463   238445643 
9
-114834125   982022173   -114825395   54648285   -902469212   -691252708   539938200   -337429585   -184681609 
-821219920   -372099118   456790613   635266238   476921641   1850895   220173658   663790124   -408116849 
307778637   -92538794   372587700   265537613   -651248214   532112947   -503763694   -781041736   519428537 
908588391   -656747038   444677458   404477322   -633926609   -592302532   103197801   825606118   768340580 
-645633027   -400969496   706204707   -650480836   355333012   676319285   -634994265   -928458376   418555828 
-861848468   -406915186   -600618539   915260156   -772617628   -240466998   -811220183   -601330077   -661866928 
542898249   -55288442   178168925   596336915   -962617113   -800939156   -664586118   -230826514   -145076035 
-121826963   -153661255   -371867947   672368760   -748572904   -158065908   613155715   -371453183   -844038620 
-943174815   -404644067   -678052073   926932127   -287041626   -610911236   146235329   365205400   -190017284 
9
764488839   -756169057   854844748   -832212610   -960181823   -117136295   577746137   835059432   343593758 
-34356220   -106297189   -423541616   -665829125   952555378   344065671   -683460301   -588116376   -980821808 
274182304   -875019266   658004639   -773583379   -20083786   -88755885   547799761   55036067   -791926920 
-826019868   374135982   -971676783   438196706   -79987678   22877074   333840933   -838502238   -830174111 
-196222467   67694710   843239318   756266762   791685848   702001254   -7316511   -292916817   -702715775 
-81686743   -728307889   211857299   358483810   -677910707   492502979   703870615   -482499845   -749403873 
-567065243   -550603614   692350067   -215797769   -992124890   -902481600   257060378   73835590   986725297 
-219519958   843761099   456528735   858082711   -539980452   854143338   939408943   679835182   -13405200 
-314556183   835915541   -469766885   -721938247   467804666   220562108   -279251447   186774013   -158143726 
10
479515921   383625883   310048954   245139636   41844986   -979770708   830519306   -364124450   575762415   852188879 
538692156   -773364152   802991620   -373628400   -41094230   31795527   -810877774   376954742   -281561224   436584966 
-116245179   -762061020   991942850   349060069   857779561   673342517   -952481013   717475247   -502032674   979404117 
-655980307   794118302   -597839590   -349661817   140500455   740205089   -474138236   -931473085   -147985970   193304532 
-990326350   -977198728   908960766   925556378   -566489418   630696846   137613963   429395400   396004362   -539093035 
-16894076   -254386467   111657302   -402502582   303760409   -749503465   391246795   -579321319   -491137889   816351848 
714849971   -409698743   251319402   -427626110   -462790213   648502626   750110835   488108607   -996206874   -209351669 
212448036   14625530   303552665   923220201   -957621434   308689813   154448049   -185828733   -396061334   -929290388 
419752578   -411976345   840790165   -76279233   -87282208   -524383625   -777366292   673717982   -672374713   151290715 
-740165489   -932609977   -134350540   866724588   -443507750   87279727   523488517   571311063   -110560614   40313562 
10
152543118   -35110595   167129390   381726789   -2676162   -111760797   -318684992   -24428245   -625271744   628845723 
-996437716   76539469   381133747   11210013   29911367   -570143103   -862476991   -301347745   -338693079   -495587287 
-465915742   562944098   839453060   418294270   207151607   436085268   -818831973   -58600827   934694498   -705343894 
-25451712   -496682616   847219922   -849915027   -900242362   -187324874   281499855   583084979   -294907194   -650965127 
-437567059   -226698677   392877066   -924649906   527845696   69561871   534275703   520949173   282815584   -761944436 
-787053947   362504618   410040051   794971827   -645951451   -530112690   359570041   32667716   -953830138   -916018664 
608617960   459341262   141707858   937459922   240881156   -705443411   571999870   -580274882   -783492801   71680250 
-692808509   387092170   983583652   176849490   803585266   863316333   -169746122   -959265734   715038609   -922028867 
-443916235   884199175   -641686392   -833576324   821911214   -105236711   303150521   -947073995   514752228   -636075107 
-710180820   884782561   815118627   -183742919   467382088   -747596449   -653923768   -424628433   761001586   -274338639 
10
-84335158   765330359   -5422677   872758311   784037972   266752607   -793915346   -387020856   -416905998   949091108 
661189900   794622587   750237134   -183667999   985607148   -472045452   719335919   -112530143   -198540446   -693999122 
738454765   -351217921   84439004   -83259409   -301676778   544822493   587496401   909627909   -80670721   -505760161 
-16580930   630229327   678530644   137426532   -634018692   -880074979   490373310   113296150   -603570029   -770844276 
-845772968   -492907008   -207179853   828464737   672131291   -731315186   376796203   -570431489   -31351932   -851773464 
-588944072   752096495   857919129   -357110258   -982768566   951338971   616917396   -197017825   -791844809   468086336 
-339126028   -148778340   -690123536   -325468281   854686202   325274105   279239213   308687604   910151924   -4046624 
243426056   -863686777   -550170185   157390675   687481141   278085574   -806189752   -188881331   -458948943   -732168104 
-380145323   -939796201   -182715238   -410229508   911684062   330476391   -851974324   842237825   -258062197   910514613 
244343224   -924386557   -216157057   -965940815   731050868   444638770   -786497525   -129950515   166973249   398312913 
10
836791445   -141570402   483762733   256927954   758921356   -201389504   403172776   -137195712   -620914005   -198852971 
-373466142   948693676   310089820   -962002942   507910447   746234093   -775541844   -936424096   39086494   -445496858 
-22902230   41380936   881678649   -112563454   -971875180   -861185599   -313167432   544202289   968314106   195341549 
503502764   537163287   662398088   -727176732   258155033   -281318357   560525665   -843359293   28753502   -980602015 
-873076508   840416782   279133632   -804536387   -185160305   -33235428   -729071290   -150260224   760275438   121606929 
-412031306   841939366   383145197   -22643688   942728825   962347626   -345735066   399183068   223792431   904105315 
-265376331   -584760380   216723026   -661633039   310143411   128799944   -26638950   -610171759   -432084725   349342704 
534227361   115986740   357245979   -342572466   948433939   -682718277   -583426011   -946395875   528901809   414950523 
-256423745   405678891   -294280508   882175892   -513555764   203631213   316725950   911500040   -922651272   -166891274 
890383192   -338515346   -740734516   636862228   -105437649   -469723861   -993044015   -904876919   301940561   -124571187 
10
-502760867   349868966   832407603   606253065   777859353   290195069   453019824   -34767240   897252206   -133898224 
608099957   -600441682   -448344779   54784810   -165782589   881624315   625288938   -664660629   262996662   792740190 
-985686364   -510009021   369096362   734473798   418057665   -841919067   2913368   -296180009   -736310058   506449034 
206549707   -662069101   -2731828   -370596187   -524473857   -224056737   96360254   263534470   -28021567   412074165 
-702833104   -762493841   847452998   -718785577   -87704235   -383872757   -401630635   -473910368   -160053559   245839031 
-545652792   -439973938   -452991101   978395841   -837621415   -694133793   -736980540   872884003   830208272   549478309 
686861034   -296227660   -645461237   -410617766   -682949145   32929249   -464342114   267828997   104612908   218199210 
-106742944   -886239521   712559542   58034895   513070317   -120572466   -887619655   516291915   83810917   281719072 
90012714   -304990816   -828115157   814718843   -811124588   515064428   -487104377   -347043012   4797783   -362610763 
133245655   724217434   -127254508   -566687585   -668573124   -285625786   -406116762   -436569576   333901837   -513164102 
-1
