10
119822689   644715780   160412959   -321978942   271401090   91925873   963941788   -506596710   -732179045   43459565 
-956028449   -118191300   -754967698   819343079   -523890912   -664424222   997207867   -609558193   924490321   485900374 
-925072628   78911472   123577686   931652389   684057004   467367769   36983845   -741159011   997297728   -31977905 
-71118696   334321708   -443567581   858396100   -603687325   -975559748   488184279   542430026   -425511750   -623236811 
-661396660   844876809   -114956087   -408237419   -685058730   -744277841   -213665237   -408673463   -677657190   -6270262 
-498172990   -735515178   554262395   -533946480   -989057385   -362227471   -431544946   825666010   59611890   7477069 
851848841   -569426067   485249126   427264721   367004661   -761393381   -773755436   -947907163   -478554328   186825796 
-494758818   -491803385   872008133   682899121   995069272   -664455135   -876927431   -450728506   219665217   601941249 
-118835540   192172522   500096213   555087617   -311371088   -655863756   547849816   823905871   176335069   -818596076 
-23975031   -913850780   668451480   468800982   123682444   -657707311   -829595562   89135087   653196206   380528155 
10
-612417459   -654201290   958417912   815157794   -877275556   -238060859   895172109   -980273029   868267837   802043048 
-167228848   208541253   -14646426   85891205   108716758   -699756631   464789432   -432519938   699533665   -729081418 
-16992757   821532570   606078214   977985598   855410904   -198282459   -800350296   -160941194   182370654   141968694 
-657815397   -239969592   844404263   -257724342   -785313794   -56676930   -403531342   750483960   -467563251   -903672214 
-489169794   944214163   769652144   -39204288   854982555   -32475790   909884703   652481075   88492509   187073252 
943170190   114016401   -490293901   -549021555   461182580   -609306169   104006663   144522229   -168614419   -624857590 
-432741266   -397382816   -87248388   -71355191   -155271291   -946582790   -575182329   -647008983   912123578   835885400 
-926100414   407543823   -61390851   751891284   -770675315   -381383545   -965119231   185245285   332596171   -848035087 
-976766394   -824930207   -38271227   725653303   408456634   999996453   165613039   -683730720   609352993   -140884375 
814797199   404223054   999849029   11326556   299629143   759911462   -979740504   -800910651   78824834   724809713 
10
-225387243   867593803   -782475210   304108881   833460672   -314068911   -588298477   -927130284   -214693837   835201702 
727301193   496510116   926705207   677800656   105910502   652755024   -369948996   12583972   485762292   -14547087 
-157526007   -250942221   158619434   921430032   356127382   335024780   457224665   948925679   -188410861   731984609 
973736954   -541934195   -815688072   -831292916   105235825   -351673459   -883676845   18551394   783205954   -29466765 
833826917   -288762395   234696788   -599279565   -389268927   -488192224   -124672695   285409054   494469764   -258467348 
-534675497   237716249   -652015879   316043902   -627187601   -267892400   -904674479   -49460671   -978837586   999120899 
234893517   957781431   216138333   602548244   -892749996   302967436   252955446   644207850   653388344   937933056 
-866403073   442020482   234473477   880167830   44947308   -224076355   895138724   775430100   547758193   596635687 
-831802830   487738065   291194213   173688202   932693644   79463643   -883533267   -720720177   384220642   870868459 
268871665   -472523759   670948630   970422437   -341697543   -496122635   -704392125   709736067   -435768382   -860932962 
10
-100894602   547332378   822824525   -454702708   -221844913   -285778255   -169024154   -398472091   612504662   -369220476 
-117111409   668999605   744607031   -132297649   -908660264   172673971   -624780788   -109992940   233025000   -333181929 
535549247   -209609650   434722472   -44398215   -508430554   -1497720   15229629   125776023   323136557   941948860 
398359821   -974663246   -339242988   -57468059   282953312   383571756   -365540739   151259266   -331578663   710381497 
-108014485   342624544   -636695764   442760630   -689841436   -36826125   -517844768   -232281127   409465152   -743756062 
612760290   677744735   -33432545   16232288   -510605724   -830549864   214959979   703330623   -165608352   -537507434 
-331657319   47557108   191637555   -485220371   -460705641   -35509927   87636148   731642191   -824868488   -978076015 
-662470011   864876731   -314757913   -625821322   -463880127   -902813371   -502335831   -196541398   -782620747   218021294 
-110844406   249273687   -447340849   217791835   -674141455   -246343326   -360246569   515720765   -253881760   -643519445 
-803386250   993304266   -270424029   814006842   53530743   -484117504   -629464718   527400206   521808861   -514388311 
10
-139642392   -420640420   -294005520   172287519   -922351787   -848563624   -531856857   -703413554   -226021494   161591343 
459008725   446717168   292309796   500030595   -864858911   -42668643   203756837   361996251   19804920   264077712 
156030862   -471752673   831854952   -957676564   625402459   -763765176   -637221913   421844838   -742649801   789311439 
-525908807   -118190438   477205278   -656861490   -230102585   724218100   652911523   545524348   -101893827   896998727 
-627405653   -2441882   -957854114   364328714   -929331488   -53981390   821680075   756358942   -52330621   -377975629 
-992392780   -160597146   93985979   737048591   924706546   503944080   542699328   437179177   637249381   -771551785 
595749107   800757476   25987002   -993177554   -704911009   493508058   -919988998   -103528096   72572862   -121630958 
-956787075   -443780827   -721583089   221045301   -101704871   543579919   -461343030   -382207860   -878623033   -187525673 
-38985306   -12176907   408535855   -118391322   722710678   305777546   -464239890   635373900   560334824   74983048 
134874898   -441037966   -834485165   674831698   567798266   -515917976   718079646   -519726624   830628016   -284508490 
11
-685019551   -4822874   723331828   758934419   17576096   693761937   592571270   245447210   58236522   -41286845   911787317 
857835306   677136268   436506898   876299086   -816203024   599613036   -96746165   312071460   336998357   -11448122   63052406 
840874155   79191415   36852455   244551470   960408709   841127483   -472864132   -638437949   549304615   501099268   -475209629 
-902041661   748955890   300451082   21518821   -551717503   362053401   -982059229   876376871   -422316285   -382679031   922220427 
587262725   -611796706   620474857   -971013287   271824651   -985341821   -764990926   675077022   66792567   -727532092   930558468 
-694701557   370276210   252644945   113836909   773547081   -115537098   201188135   -709234410   102007493   -455540145   29404443 
983381738   885202120   563283122   -590963075   760050161   602418474   -584258743   281084607   -451887769   -903914740   -109830618 
-32484920   988685019   552304854   -210785009   -653676790   458873759   -77129301   230209472   -884081198   916607567   -332044798 
-679822375   -277883966   499317362   102836787   -652517964   88679939   -859555041   720102472   722515711   -881435524   -766455594 
-122267181   589930892   -427240416   51274801   -982774337   735507021   521691645   -261575403   -13338815   -351475127   -282282183 
999431747   -426432789   -389009612   191773532   -392010908   364143619   679355357   -902015237   -888611006   -31941238   -703556468 
11
686256201   269701165   -389976829   180474078   -168517365   -179353325   514913935   404407407   208386448   -341454392   269580999 
586166603   29452793   590745796   182896135   -117692532   30389836   -284502917   -816299809   657537417   5189298   207320430 
-759076541   731697610   -53807567   -842401336   -925880638   963659330   917287163   -639355025   -795761671   333396083   667914133 
287413630   -639355686   270804987   772811826   752464019   560830270   -714578477   143175575   565679980   805084327   -505606275 
-527903816   -277133922   -872800837   -286857081   -697601660   70735863   301246461   -328726126   725249828   -567849694   -778009264 
-759248880   530070511   798627123   799383232   -618655107   561426555   538364911   -149519492   931529425   288379219   -940507059 
7670990   152013855   -673522673   47609823   440236491   -908709631   -231850137   828722067   -38262787   -745756681   -397791632 
-654173934   -791939101   -358479083   329707652   291567943   680669250   264593168   -448974592   -123142742   918360090   936210768 
-59255456   385320962   -651250691   290439648   -789475679   668009083   -47868141   -683925185   -226767377   845927065   -384391159 
254815631   -227782290   -430140434   916715403   -458443898   74341611   -295439532   684115925   -880740841   633643808   -732377381 
-652648326   -445180688   774113281   -328215316   467800179   235592018   -301943617   582708065   249900010   -471562646   -355598347 
11
505594   -167139577   38747979   225550150   -21823041   -330697573   -694206674   -185587838   188453914   -134550422   543591766 
956388632   -676476775   -899314934   173901694   717790166   -648193094   369996544   -452360085   -753777161   -231815292   185484573 
94767472   124024351   -663737488   155140190   -899079928   -114476230   -153587578   948136105   -491616262   -271964490   -279324796 
297987056   616382072   317044323   63211738   -93520068   -860423915   305194945   187158823   926159872   115526156   -670571475 
43966571   -644269969   -799573250   769466159   54367121   315276018   458927248   -45781257   901374473   76226842   715044063 
898240912   948805020   921688221   -755671223   55361732   888019993   18300811   460570658   866955324   -54998200   -697276791 
100353455   -678060566   503366422   318313062   910970956   693027958   -55930673   297325967   632460446   -295686033   -335581309 
-538208625   444693847   235168544   -735117525   418367698   462939034   -167447857   470759832   864480365   -212200003   -430094732 
54112202   -885539973   280793846   76266846   20611186   -49408275   884510285   -894616942   -38498864   627027796   -700556550 
-519519799   -832293907   -747398156   736955065   223737931   -579022308   850009617   808856859   342436663   -534161354   334384205 
-46200787   620111855   627137724   -584358534   261832002   297657299   -196600060   -687593226   267653629   177786371   64359919 
11
159879813   -430031008   -327985332   667608979   -836549027   126744401   -458895731   -627552515   -415768634   473665479   -400042811 
-53404964   -270385478   278682178   -59331832   -487558134   315125719   -220288290   -46795533   785722345   313800560   246558550 
-935122480   376896858   374308936   896355975   955752153   -540390900   504518961   -341768262   -111796064   -137477418   693526890 
572200748   -2574057   -3407342   983496012   -54252070   -626927494   183716631   886875713   -907071432   191642913   960808043 
882489779   768798677   -287507845   300015525   -559932344   506770620   -916510635   -841329293   -895516608   -954131769   -689981260 
102566224   -503448650   237022927   -152938673   648133473   -12509552   461379302   131538175   999875981   992743879   233994973 
587861279   -643004825   838839409   -992314747   136246349   -37770572   -394436650   599120246   297979368   943445548   -112767530 
-658906309   433043834   -158310191   -790838246   -883343473   -704183250   698541738   -157371743   923132865   86139305   -317298148 
-609264496   187079327   -297105261   193175085   460678371   -336294119   315827022   -958304672   -190962354   964315856   -710811634 
-63161251   -120002203   581817370   869010627   847739179   -124317295   -675447848   -371412983   975796044   -896985542   82112665 
862049735   -487218512   -643186451   832250803   857494504   -551056964   283727427   592184869   531238317   -278758259   479304638 
11
129144576   -447680108   879279332   -775077148   676984942   -936777230   -642583675   -115778674   -309964144   653020743   -668292532 
856859942   226495096   -887722387   -123330645   385406050   977817376   551434394   283493632   253969733   608216629   -528623373 
-214666449   175546539   -956875400   -202413745   272836218   808952549   -438917175   -110802723   -89817133   -638599446   263594537 
-318630046   669020591   -769160802   -823700465   832140089   -957128696   -349835571   18646605   986428690   911967336   728840202 
-299346967   473351662   -301683943   295206023   -64634248   -292648647   322772074   -731687263   -516497814   -767500816   816856842 
-569251936   690947276   842002072   -648811319   -529826926   -606612743   168435605   -996356931   27945202   -813057121   70535337 
510800580   843235369   -457201432   -579836404   -180181553   352537830   -647391755   -244680832   -982575218   -475889205   147543118 
199882535   -904798594   358701498   -285405899   -763290851   -266016589   -928633765   -970869190   904637597   -358325251   -654423461 
-474761922   -770523890   471994435   -77403081   -269294348   217754909   83501728   327110520   -567069762   -245486626   -875406218 
93068987   511852419   -434082920   -827954295   605088289   403081362   265150876   -509959384   -831858227   608169825   -3218880 
20346347   -548334128   -794651857   429385385   -841817662   -219313190   150329669   -928798292   933604857   801255579   -674095690 
-1
