11
187549855   -585825365   -545180916   747278465   -692900291   -888248691   -604466065   -964320034   60871723   -654011886   -320480067 
157503542   601375937   93263695   -186458043   703510075   513870010   486912407   -719079869   -957910483   -99859467   -978777390 
391733865   -904471653   -784377935   531774669   105194956   509405323   -587632037   -227706994   595896691   678424157   -336859468 
667911911   -579421886   559721276   234290006   -603318796   -534323062   -559667072   11523743   -289022826   -859544867   294403467 
745352112   528257588   -70615734   116392114   902264948   394229502   156130321   34483990   -170144940   -522450757   -47904040 
42027101   399810186   67146898   -674752451   -226126826   819018891   -638983895   924278547   779494248   -644227301   -846562307 
-318778393   -102845115   275837085   -332443764   124245619   -904206903   -619998518   212341015   -328499796   -543450195   -371170446 
-123628736   299895631   160420274   -28391470   -670335024   816936912   -729205510   389392573   64372798   408091748   252776290 
206912266   -933180037   -187443841   998885512   -133780899   28678502   -910144152   -930631480   435318724   965898139   -148814460 
-639544211   497966728   -706235961   -446185542   -908353108   -38122562   -476333328   323199163   495713125   702569378   -564130547 
1459694   382654522   907429200   588440775   505422792   247715027   767338165   867914201   195374422   -30000838   -358486451 
11
906553718   -572377586   655870961   -187282402   812556681   863839360   496533115   612498983   -876873990   366229976   -213653520 
-190570692   86549587   410953875   312748022   -480721971   678358682   -644913875   -946000458   -907941483   -43281985   701491305 
-377659168   935862753   397532867   758125888   -39520007   -464856700   -278286354   -323602613   350904308   -619924695   -598690479 
-724534449   848036275   -182895112   695663981   420003976   454167551   -251926687   503851180   -613372023   12246525   -311541609 
770722115   -922023909   933602513   300570269   -289335974   -893790265   140555432   -575687323   516446364   925688465   -373192325 
-622673150   355760383   914466927   -704672853   -722825505   -820738709   647219507   -231348693   282378892   -28545709   -684835667 
-110257277   944223090   -941151255   -710989712   105040232   245677048   798907143   -32620332   443420139   960164631   -821458242 
948039646   -123531186   70264550   -868498424   -616180093   235644957   268612217   475135663   -472611609   -934900230   302307529 
169096973   501432485   -281852466   -903551216   504140693   125738396   -643888919   575146907   957787172   785793763   644280642 
-428027115   965269590   -173655251   -199060708   694529628   639154439   859869757   -986647396   -935874423   127761718   -706170501 
863888077   135504889   480698994   290717569   -406100127   661705302   -391265611   -785401107   -659330155   -791530768   115187422 
11
-979890551   686780907   -230377876   800111555   347294309   -735308312   -905609543   -26193020   -30981494   -770812912   -311332870 
14714400   -755715291   -955056435   901479235   -905784555   -503334028   241865469   -418582881   370421528   642247788   491754897 
-859573310   -459060285   -86626084   -191228191   75797702   -961731018   -834300596   -691695605   -631749186   754512502   -234100791 
631980303   -335086153   698412020   687114798   -621504798   277636559   -995257248   -623273901   770687890   -925013204   -901854821 
-494579639   898161028   189269437   -610949033   -205023605   849520251   -710854675   367980232   301067825   860029277   492024815 
591404371   -701685435   206554710   -502597655   -452849288   681208435   -263893503   -598961098   -859063416   533143540   122924703 
89967751   737688581   237359400   -765391607   -98622992   -130019697   -465735076   539744177   966130129   -43958924   -152979551 
315322404   -72823746   -523957253   209800765   887679193   -116922464   -121167649   20296468   321421650   -113513022   -707584412 
-215512677   758936607   594202342   146779345   433404867   956941117   693504297   409965443   971585736   -32733994   226496413 
-17564664   -527768063   -32421483   -642759990   -282964209   371459419   -422660774   200963475   -19455773   858152937   841011819 
688171389   -672867618   -508346114   -74615413   308109215   771138359   -346915242   7662324   -203308631   408180430   593866606 
11
630969249   -458708964   -877614776   -815179428   -864360952   433296320   935819136   -954855384   -369761285   -292425216   414036893 
-100635534   -235020733   -120732709   -910783938   595530959   -999451567   -518936688   -707715310   -434765725   -642912985   384215068 
-171009658   17215653   81733322   -536956111   -220950970   -781477622   274055910   -29986355   -934016241   -444211946   -436471300 
836308375   -788873872   892193008   163597253   -475313290   -357781769   925249784   6106379   -689750619   -186531856   274520070 
-419966740   -934738358   -75143927   664161306   -95147082   397343881   -472949738   -356194429   670981950   -144402509   534971071 
-924816243   640878064   400790610   -830170041   -199953419   -768741063   -529842072   990094844   -745880044   645637769   774261112 
791277580   -435322155   771877121   -734905991   -207029565   -238316475   245758041   -684435940   -310374863   -270845419   213982766 
-637273598   -702208992   860307650   789369293   55920901   -398165114   -455979211   571541225   730546885   -474542740   -989740997 
-875453540   394165917   -217682012   21264286   -188143559   -33513153   736548301   -601426542   -892240305   864992329   -149075537 
373938161   403775906   477236243   721185027   -3920253   114749753   -527339684   170406280   124415284   -501783073   122923921 
598121493   -605665908   555500345   -864491577   552616372   752875348   824270972   -479172895   -909499190   -329746432   65330254 
11
392443894   -389346842   -817064592   29021618   484709273   603239782   -100309976   -781080835   -263229712   861038411   411934644 
73076131   -743625882   617758360   -154143836   34671055   134216095   -793532547   171415127   -93782093   -412981642   -186374969 
869039225   586604535   374959777   -503873717   703253236   -489170229   -895424096   -852838056   280487390   -455946108   972512611 
53708628   -186350004   797207096   15591456   989983549   -555312568   171680208   -958107063   -15925139   925204317   249378786 
-39108506   -522888026   155818652   -368571021   382986177   -877072367   -123071010   411998698   -1557796   -456114203   875893403 
37917904   415501806   -665378577   240569206   953701939   21952563   -294741814   276295698   359981590   598598691   264511117 
-479616261   -484630740   -600585806   -50783616   -313284500   -495721096   -603660100   -81611105   863733311   -815720050   -868448215 
898247123   -681222566   -25893129   -538974233   859562081   -241476115   -559253088   537012423   -650842512   142720417   563473811 
58431391   616955890   837391034   -578149773   899534760   -166070353   -971219701   -816888363   -855190036   -962179839   647784913 
-112839661   16729967   887059827   668816864   206753603   5816637   775774861   -591451542   -819673385   441258476   -802914896 
-472487274   -820650636   231126799   -774606042   434285056   325375133   -577589520   -678325156   545854653   -247405530   180013530 
11
-71666668   -168646248   -25003537   -107997766   -187707450   -76929441   552008933   70822894   515466325   -663816598   -489904895 
-705184932   909541396   671327957   -118419937   -550774331   182269445   488980421   -353052545   -424292756   -822662475   399359921 
496443412   -105174536   794105563   -465809563   -380014992   638811376   374414575   202689502   -617824096   177757704   -615225851 
942858   -161672375   -958428903   943488783   -800434675   -116045695   -826814553   -385777015   689608737   265436209   237782579 
208793462   9605720   794883871   999672827   -852432838   756594097   -860379787   -231556598   -612019545   -70761380   735978163 
-440836124   195191667   466214387   712733858   -97102296   -20532424   -93386330   -430663476   864890166   518449917   -491772859 
-786674201   583643839   605401226   -689723151   347163407   45046394   729102936   223025147   656650960   436478264   135872661 
907737960   384149763   -516088289   -716818205   -835524396   -500980302   -780728239   -404527467   801124253   -950906609   911936675 
-176170785   -160815268   136256858   162976946   299185077   95374122   -419129794   -249694315   -625027026   -259271998   573329925 
759501107   256512325   667726033   102725782   -377298076   -876213946   -871498189   580242927   -453542904   32951494   36934785 
-322041907   451030247   -94589614   -745098236   619750791   991300625   474169009   -811595476   -30934296   147831344   515748286 
12
712102927   829948930   587953513   140682471   93756481   614849933   -765584444   -603239462   -6582060   18452083   575183720   549793150 
280672938   846154413   -101447275   36994617   274080692   279004580   712433862   838028742   -429404613   -977703385   -421091330   -735217621 
61218341   -360956914   -99376516   999358365   -661285955   -594309423   580342223   -869604505   -267322024   -354504861   41330870   753411705 
925302700   106935452   58079381   50288221   392026696   -373629552   -86518199   935379817   -634571395   588673749   259402523   568757221 
526814458   487014242   -190021664   -332707649   -793748720   -718504195   742525546   970682111   702516935   217538447   477676965   31252906 
-742635429   907931088   -447195727   497710132   584165920   119910194   924618620   729008709   -754279485   -908014672   610332153   -103846581 
-70908660   -827777361   396185647   -663187958   -358404940   -513660070   161585017   -514255228   572759574   -676364681   950461728   -150852294 
114200260   294935984   514896734   -229501836   -563917370   -287289970   -955826981   483375793   879806609   539113672   -945193614   -585550543 
332996746   -472815408   219528365   761028810   639215495   196671588   -766464082   -218348493   -142314383   668357661   203380827   -958600873 
-706533412   -592274896   -38482667   -283231092   105321440   860314803   -365561634   -521177989   -632586152   680126594   -69864174   -85907860 
-319943007   -270061624   -169021515   175602480   -344456073   -102649692   117059739   627296500   -133011890   -186467071   -656687536   -362975424 
-350351708   -39020778   79099463   296459550   29252086   -36886401   419090643   819933580   574816922   -591243548   -261976319   -324248778 
12
551793161   -223104415   16181769   54980292   -106008025   98829713   -561698852   -536890513   -700594049   -736706357   -57413731   983825149 
-500973590   -435734394   -986206392   428895844   131828968   -737812540   -344134005   -871679667   -960526462   328908109   527808528   483880991 
705458921   -35791238   335984982   592815364   246475217   -530173269   563637585   590113363   611083864   348319945   -600901290   101284298 
845650941   -805713348   499601813   949552738   -493255659   -458209531   707026442   -259102070   636426794   674736517   -183184871   929309473 
445627528   673010441   689390920   287963111   7234890   -369721485   -234270930   -922403368   97599067   106534046   379072472   299270446 
909358649   167087996   998959916   -822901933   855633657   927003669   -70169336   -700683233   712303926   830474954   -834477246   -465513822 
-324694078   -143213948   342164696   229623750   -611984339   213011166   -486030460   339540409   -854662183   -327933800   -640275041   345876240 
974353831   332100377   660547403   605340894   347204166   771283833   562105713   16164112   -591716391   -872322849   -202659178   -710509148 
-787559413   461914553   704637787   394557087   672864031   107528067   825644748   75682927   262306891   -830404268   103230431   -968267903 
412589539   62631037   271565891   -993028505   -173869719   -439892103   523348802   -505639887   757858441   -796133851   378675331   746276993 
31566916   204239335   -728780646   -181154755   -724698869   -255703338   344804854   -202442071   -232227650   -529013436   -846263423   -578438638 
-54165990   -813019829   518021969   273828322   135890448   40457744   964532992   621521362   -714138023   -238569080   652564140   -755294561 
12
-719277468   955195777   -390750425   183123056   -87769962   358055795   222018056   -102091475   -825614029   456021229   836637607   739961469 
-188180835   -724903581   276655355   -157960231   -257739756   -93731642   -54953382   -317873029   -160115185   573519054   427983949   91465606 
-655391983   262593384   34662633   761249798   -366408588   -477981111   -235417847   971585297   -278557190   562496382   598352529   336905951 
35051354   129360986   109072707   -258014350   301073963   -488076322   719367769   -235876886   -381914850   3392923   398796988   229271269 
615642419   545359131   462725623   -203509711   857400919   611536568   -491169376   -434534392   -449540334   -897949831   -693285660   -623186451 
161429368   330344620   -895647592   -240409154   284676713   -888352590   34511415   786822875   926999565   681707786   618848540   -11685203 
997696774   948906132   -640935325   413615926   715278405   430057311   480028630   488518137   -954288030   189837444   -563437329   -118483389 
386441307   -844910465   512001019   -509010226   696017454   246286571   -109205628   523326394   302939852   -121118043   277819106   871432507 
-592381562   529196640   -191733243   -829137606   -823468530   295809043   -97680513   632516659   772946760   598309155   -222135316   443689410 
-559339824   760335564   548841736   -386236078   805104451   498499996   -291332768   735910796   412813395   242188271   -918087981   293219047 
-857189140   425423123   958063012   -206104900   -814273473   464138398   -784817223   177692460   978941697   559021932   -829887783   -668531039 
175984765   337594037   303881686   -502629839   497385335   -35141638   -989890286   133496513   -239368724   246605408   876151787   -512694813 
12
336776155   -574442139   535911889   -211153890   690466340   -257806893   5061549   -24344167   670574374   318426649   -313911417   978687991 
-258146308   -565449749   -257738336   237824917   103534297   -926454042   -201786445   -651906406   82545081   967996576   -299508552   929303102 
-999985337   -20885989   -998952980   -732535450   216187428   -159905020   781101202   -388022696   -341550622   -711593000   -759432863   146817574 
-122578344   -538686066   464963090   456835641   -609293380   -79862486   983336010   298639157   998264383   -208161839   -623524187   234516689 
-148756943   213594515   -280276087   -553749423   -357692954   557061678   -697442526   109254984   -717443507   -605769138   603409492   -571516141 
-930721679   -777685204   30870244   423297342   818562130   691225471   -676128030   -288200126   181539669   -960839740   -837720900   -526393100 
-480245406   -685934051   566600835   -105324891   973969757   140330676   987927601   -770337132   -55545899   -430720424   -764763228   447550889 
-195389961   -806337255   565482258   143204155   791877700   791706369   777750490   315632483   286645159   803780824   264932086   625490099 
648222619   -663546840   931493318   -297083225   259452487   -786985923   -854044851   812910686   -400011256   -885802271   963442882   -295810805 
-689443461   -73474790   728550092   860301585   -771985777   546902810   500488671   -99751306   835922645   406820788   -494081528   -688832449 
-856472438   277195057   357524147   -643338819   961782563   -664799234   -724421272   975658138   296177504   -430309511   -327201104   -700838870 
-204204735   828434200   952306336   -186764987   232815157   -378409623   -295633896   -565369389   526870267   -976581703   312947606   -935343010 
-1
