12
904518885   -254238307   361629169   -345142758   279675995   190295305   -551635903   361599252   -456630786   399406845   67456693   609056253 
-320748866   98617277   -64992567   360099634   -404530767   330719822   -739331116   -978750972   -825180072   -31158346   -48837719   -220517835 
-211147399   -617582054   -811831557   -883237270   -862798636   15557070   47504262   -684090296   -706757756   860917648   -2514222   -9744492 
-60855860   819749588   -180989531   17388668   -60671934   -923053140   706850053   472001421   447124715   15271877   516809803   364106375 
-367970081   -646842810   -883747783   416903659   -108467456   302223408   -162231850   -166135624   825399790   495693035   576582602   542441755 
440909635   362281246   561945422   604522884   -457969076   -589794903   -368595762   122131081   386747525   -760201502   -307914599   -843671964 
-326190666   670416370   897777119   71639250   -881989141   -919427362   -19765005   950457228   -955411562   442310688   -946177213   936000030 
70535252   -158253536   -208024359   940205790   -137488763   -950735555   571956392   914242177   -826857491   -281251470   111209134   -995711142 
578911991   508681438   -35488378   -985311781   -478591685   884350379   17701063   -990826129   -233437438   703994823   -921609187   113167270 
-200295047   -283803430   794130138   593980000   -601768692   -313789556   539774423   455129561   180166169   986562674   275364879   -497799037 
-772805456   767289721   -122369625   -31319496   -44059370   -356839059   494830377   -407119293   -196674502   864818815   -740968054   -121483712 
-152219338   -398739906   272674195   -297599520   -676980295   -854432675   -958283770   827756461   -719183237   -407938051   765656877   243835901 
12
-648760310   -256365353   70853390   -331102037   -270153934   -930036067   -62721964   435778194   114517554   751156167   -425863965   999990263 
-989148237   -916393587   6036666   495094857   -36768994   -447241466   286954943   -297548934   505077770   -607116689   111348498   -380585282 
-110540688   -930469221   -657367800   245181786   189024651   -310296069   -58950329   -808130756   -562938   961325235   403740105   -716819283 
-757081854   449157401   473302740   -969555295   163213317   750298353   -221717592   707948995   -2944579   619496594   414596609   940650593 
-301888867   106145935   -366937563   -299325455   722105354   -666795645   -631480739   819454679   -352643038   85434507   -990143892   908411622 
255585145   693759168   -498095461   -800596962   -603887614   -288494782   -297222076   -413060968   -853010547   -254038937   -737204772   891415326 
140620702   538955009   12212574   -516117194   -501885697   -578970925   -552935334   71899254   -604358867   -307333653   -221245731   336301126 
-686696873   461274981   -986761428   925681431   -143728064   82722222   -682917054   520503507   -384930531   -313285346   534261753   324748389 
471105238   -443854363   911783131   764512456   721972412   -465185728   113504630   -141085992   -633697602   -855822351   -27915603   -564822510 
-85417557   -361466774   299352717   -987601147   -529749236   98433048   113672199   889540882   693617793   975089291   803622518   613145456 
-599676863   560931900   196145811   -759788148   -558140422   -496915284   -634036391   -992890079   896416320   -144403539   177029169   -320652917 
-583312684   460142117   481973411   -540665294   -60797749   936055180   277400985   164865013   535629909   768876119   863047362   49372062 
12
686394610   -961009109   -173492839   366865993   114260191   -900127143   -533963678   30281331   12321576   -614133990   902955939   53291274 
-757408381   -800261742   51575420   764137348   348696517   892378049   114101910   -744037809   -324320864   12683350   -868471096   -723283989 
-556001373   745737451   988652988   244352554   605030872   -151697027   -738759977   -239266531   -943626561   445378935   -476078846   -38126525 
258356238   82871650   -513096814   123643464   -33187273   102769506   -986857429   888207504   828575052   -132863486   -369588450   620228716 
-46762984   934403064   873152793   731685893   -403150515   -858699296   407003408   -819085650   -722802137   -330442334   594995597   -973396670 
759181184   -790364441   -314834984   -891114051   -177772594   -667197543   436046966   469121053   135074999   -686944600   -256134047   258887630 
-208765223   190209429   -430243643   728745740   448793512   920318092   -107636092   -196282039   -689690697   -521970582   -773214522   -612756159 
-883533286   -176197568   847180751   587094945   200059900   -37900227   121025384   26542153   439927145   913594762   -583984752   -687880126 
532125965   76581485   730915817   778228904   182851005   -785988158   884973319   157584024   -921456493   -895467960   980428024   312997303 
679774883   509831582   -794069362   -39332066   102419100   523522328   -100828797   -906297921   569650965   -806717150   955273   986146420 
-376368754   -78220951   -951254865   -349203954   444758515   -54065977   749372136   -676026334   552807800   -457222640   269944982   178160966 
476576312   -436849134   424227810   -131650984   541150335   397300004   -721007109   -764316504   -741077569   355976652   576572439   -400772746 
12
946224116   511480997   -46226589   722143963   -437157544   340785442   161568328   460210813   -586828667   -547599096   -363677077   424720261 
-335348216   176856054   -382005781   -753873860   275188192   385913974   -608597942   -450447515   125043344   656975199   568868279   -573152505 
88481248   145866053   826915465   -560415107   -982491413   -985211951   -607413721   -542449715   -142033733   -184588053   753059569   862740985 
-390154406   202263097   -163900082   -800667434   718478883   675364653   405052278   -565412866   143674757   -751712313   695043987   -192163176 
275963891   -197467217   729640992   -949835290   -369167846   426856783   -909686494   911263747   33031069   825602930   820631756   -683384172 
357602594   531496699   -355779301   -969927138   75314641   852132197   426940453   -163132367   -547810949   639562300   -399053293   609863626 
937616498   240659496   -858315399   -539321011   -277243157   -959226050   517968623   477521059   -666148133   178888605   -85386164   254137502 
-608714913   825865983   -166531018   -575253242   230464804   657587632   -223373254   449985916   -112599391   434982786   -562328575   414110278 
340612755   612805354   917973796   906393857   -180270065   597204179   -553447232   868696672   -977263195   334816240   176205690   672350392 
768008823   -564509466   61447175   173483928   955999639   -376439701   833154965   -420320207   -929370383   -118802467   -673983473   -632721192 
973345749   -607250789   742885905   505151471   -255712109   -630776247   710097138   -536767255   795666434   297298727   -917268602   -312217421 
-749167897   689154222   -284362272   -346561019   165208935   572136673   -209293272   -929752986   95542700   -338961036   980960612   -264615356 
12
49642436   -944660772   407172210   -265076202   910326995   465901900   -994309509   -912633567   -632942568   812241026   -213143707   443177430 
355279968   642031949   -707222773   -65339275   -327015986   753148366   548987339   -865783535   -345189297   757318583   -491776531   276733139 
-662574510   -744393122   882363864   -262306113   -783073056   996869805   -414894395   283752048   -355896907   -193935020   -28227472   350715553 
-406157318   180521559   -857112345   -652930533   439580801   -395956885   320709464   829506855   930520607   -394576925   -348040934   -236354272 
-943372322   307415216   -961522613   350135435   -244756291   598906319   155398202   -724841090   -600049241   -799394172   -598958411   -4601261 
-613241280   436194123   828526656   695801426   -760424400   294436269   -477402158   -945184585   -739721937   712179276   -330135078   -785538991 
-966311913   679507526   -971285138   -480061160   -802432104   -854883749   361706753   -774838811   735703594   -639081347   -701624355   448958431 
-915984314   -323931011   -89679509   -495742995   -93109814   527381206   950288631   -229375856   228684785   3184220   289171415   985987389 
705726070   492012896   260819938   -689031060   -745371339   -107990029   33719319   203539594   -513114922   734595683   -325328402   649334870 
942237694   619746535   -186698970   -772839050   -855882422   588230983   -465851411   134226473   -41266272   410302589   857530784   -358746681 
-667438238   841365273   174413990   -486140141   -252534551   -540689757   128248766   605266896   -236049254   957698731   175029282   365722216 
686674180   -974481565   -54855870   167679903   -101983763   -132191437   495286368   794790424   843569718   -640203976   566349670   -358686845 
12
-862036525   506496255   906524857   -162625384   773719992   -479886380   989125416   -21637620   590907329   395246222   256543539   -784728253 
176342880   981927650   -830258380   -206651019   -391671647   -137319557   689379272   -881155428   -231803627   196834946   -470928599   761620027 
-150842534   205935991   954238965   -988319863   626341589   -918804913   697783747   -546988902   -709670462   -947588069   -160103114   -903867473 
-806058700   711785322   -120592629   -467446248   321206491   794488517   -916418746   578891234   -723785454   227602420   -750201777   -35517634 
-307351325   -392893615   189036808   62898236   642880691   994943818   694379837   -390862624   -511976339   -796737999   -682319169   12034010 
-603688979   696302361   -772220249   -611148868   461560200   665775144   324098281   98807074   -209178896   -270125573   442751367   -726312405 
747035243   325791615   -499638993   467888862   -684098189   8109040   93743377   651284051   -782869951   -456390870   880884049   -888310447 
491395418   -792545707   -641567406   602943933   -24568947   729163311   237399832   -402357845   565291992   -871955944   650708757   -425232726 
443277395   -451641550   -17311740   -607762848   546444587   -144507882   340399169   -209954659   804551307   109640125   285899118   828407490 
366653489   -722184219   602512909   359831725   529633775   659696053   -261168024   223980194   517291597   450789568   785700671   375019422 
-839069321   878373630   411739511   -364260777   -70535954   -985816510   -850891998   -826031045   -430333732   354027282   799025366   645264010 
727337142   -178058646   715905713   -989513288   968934018   -461160422   540750248   680628935   339644582   -380850716   -3344234   506268003 
12
672053542   -336299522   -37865678   -139874309   282782568   496132243   -965971741   543955114   -558496992   703205178   -192060333   545190831 
-244389711   334561964   34400091   75967876   57865135   -403017006   -720701610   680679295   268889947   598674296   190671262   -755619897 
216238836   899144665   -314234321   -397484875   -849902778   -383834041   26336061   -756068342   162158622   -530638526   -862281082   86087868 
948067119   768574103   677323785   376757877   900677620   -851889248   908719568   -695416272   -262112456   -632447439   912275204   80799484 
-682481458   -328067026   648609721   -161190016   298906490   349373611   529350722   -24507391   654158838   -564224362   57151342   -243552590 
191771676   189855733   35711182   -423348679   -224348108   -635926697   -912410989   121647592   219278962   539420773   109495481   595293403 
648323475   -748491221   -878156959   952549348   -686351862   -601019358   -339245305   -204775684   -171593981   -550198972   -596616167   740598623 
-708832094   983175846   -49352263   -905016428   -927333616   -862136019   -552994922   775252064   -797267734   767503052   949624384   -174772506 
-486702107   580517344   -773547429   220044432   316111047   -743477601   200129337   912112895   -747612217   -666326936   -475014979   402801659 
386498058   718045341   -447812307   485757442   819925199   202355446   412859003   -223095595   -489472766   47205716   -726342433   56396304 
860590458   949740139   -54719023   692504473   -785036851   -274322179   168580262   905842069   852162990   -64037341   286860978   102414921 
153785238   -968320854   -616444668   336811925   -829091925   -860400580   -409244678   478557423   871290855   994996994   -817798937   622303045 
12
-30608585   684760751   316195558   -346811104   -245698802   -511796704   647651325   667282512   -909147574   670479282   -49166865   -721473866 
217238468   -104710015   818430157   821559485   -80587767   141055631   844563470   887579881   -241340332   125518194   -281127293   211624237 
-674944819   148384478   -768062952   -748696762   -928784202   -20519206   -175304742   217759395   582266862   325914675   296648527   997725592 
-473425202   728114349   967954575   -457990343   761474309   922350552   -314596916   -605187815   -892581947   -501287124   -523697127   -536060513 
-884208229   805233102   -885009664   837042262   177412535   804484692   889794922   491006079   -86377055   -32419714   661737992   -854441074 
145885211   -848820378   -340637275   600864497   79527931   884559788   -233596731   -153679502   299668789   -641973204   493017575   58628138 
-68037582   -581779109   627147200   987684233   -153942971   -443887082   -595788649   -226936694   867631845   299769514   -280409251   -395749080 
461566424   -414481993   519235554   -239373190   -294255097   -186249270   -787713356   517309484   -586895796   -961457969   -599455507   586309831 
342365535   737724655   622537454   -143651720   850722488   -353586066   -888087711   -969353926   541984822   -997081628   149572773   510761237 
-728466009   257205698   -458939747   793371363   -799321929   166242946   -59466750   765340315   -974498319   -618914970   -706245842   -103444252 
773335943   -598979362   193569766   386506350   -446986184   888172213   -852171832   -773748946   -467781657   669831590   -589793818   -308695219 
456921659   -207401311   277929592   371559067   999529988   -502942795   -721778464   -740847087   -762972655   211612820   -953031259   339574374 
13
-624594190   -903770361   951068137   122244099   -273066109   -206009191   -568986519   686998713   433465275   554248926   -287903976   -406225478   -85822198 
851430079   -22094343   -409437892   -651550985   196487806   -648097236   737880074   -96955578   -304657692   -83761209   -760521500   -523922315   368583542 
-355350650   921781030   -989118324   -348597416   84566940   930647576   589976980   207811517   -804071489   463337127   818563279   -879828867   -782364381 
-925000944   -141514976   841719726   -229648669   -872436115   -234756439   696795920   -60889043   228792546   526874015   -968553437   -3023047   -924183396 
599652567   -43788091   844560560   -106461755   -481200683   -502296493   -551586357   234119121   -60662283   -582300553   155860293   -253418200   -909449666 
85601617   535052498   97011819   -619299725   616764952   -813216543   354841429   371884292   15896381   336442422   -982472433   -609780378   -123744945 
757751577   494025850   -940129011   -74249638   822494705   -253120155   699017060   686821423   660091183   -731827371   -331733577   -554441790   464899538 
516463058   -836521115   91893080   -265819264   134855552   783446203   -738522525   -312245250   45465312   132439767   -706689037   -931437483   -818135472 
351577238   -201662128   550597752   -881518939   -32134414   606826064   930280063   991239852   -138842784   436063055   -938351482   -772223275   947107545 
858745043   -149610651   466682142   392433998   -759640113   -806766623   970463398   704712925   -186689820   243300328   767757383   -619835791   -958449160 
-760344219   364113791   332642339   647968734   -907140680   -429618939   -755373104   -508557115   335497683   548557288   -43810171   -638684180   837570514 
150166133   287857031   -994405338   -389736437   -768355838   -247052421   750545073   -347443996   717654879   -493432202   771435197   -655380936   405934722 
-139323811   894368136   841155367   952904667   75464804   912064859   473045379   439751323   -552580859   -745992593   57802139   -496027727   851606692 
13
791801549   700055167   410657255   -740440728   400992660   272469812   -904809403   -664359285   -863646413   827985373   -768655183   -735383848   -634920771 
547249206   774383587   986950500   -746957585   -253644219   -468306951   -567438250   -391912225   676415778   -986183262   22481556   -248215576   -18058426 
-681125953   -892227210   -844190015   590979200   313869074   -152881983   502902865   546833425   -619154374   372160058   72006369   -577184612   -655433362 
-729325475   -750229710   -889626199   993706189   -198557837   979154668   -702491483   -63926678   -269598878   44859579   -636371302   796545472   493511074 
962520289   -533206674   422112817   251001487   -168295922   -628639072   -666074674   973982613   44140684   -754999025   -274485241   -330283194   -257062825 
-20595007   -815994509   283384074   -261757519   -852151444   -372057260   -859283010   -543561218   -443698449   747928621   878642528   889911273   250600118 
651012150   -710726706   -62204001   -191508528   -482888282   571451287   -968775380   -359560230   571620221   957573821   140062644   -159233049   659574819 
-984405060   63438292   -826013669   211876082   134324820   -495971393   -536528219   740264370   510615570   -972966478   334896442   -697698239   271432690 
-628080740   932329662   900498174   -832675817   101228375   -335689162   291989115   -877118403   68698152   -617626890   66898365   635162846   -182035665 
-54525578   168170920   768945014   -23903745   -527640129   363104527   -239890949   -273547356   25624766   -689592344   950180254   797746486   -455205206 
869572713   -995773425   -184434765   694961377   -388680786   -189850459   121594562   920195392   -845162328   -314679136   -509698981   196390244   150980366 
866154931   402562389   927954280   207970506   -745276838   154806716   -416627129   263378033   543126556   -797236360   -781505445   -241529333   -81186621 
38803561   -224267342   90031817   -678563601   693448379   -914168103   -884192586   -720571005   688659269   299614594   704610705   -163930988   784668871 
-1
