6
-896360924   -959297855   -152813016   150966490   78045051   514780095 
747460969   -657346625   390806978   -8334845   217586223   -747848281 
426996655   273435470   296784032   152478376   230001111   -71501250 
-71501250   230001111   152478376   296784032   273435470   426996655 
-747848281   217586223   -8334845   390806978   -657346625   747460969 
514780095   78045051   150966490   -152813016   -959297855   -896360924 
7
-360504502   -864615504   110417729   -680322957   -281788482   -856453859   -333246144 
484684268   -403498168   415568693   597223219   368974963   -128453595   516147683 
-130921648   931529914   192960963   -723399939   64584651   34648102   210824368 
710465541   -501063935   -618463338   -47877536   -618463338   -501063935   710465541 
210824368   34648102   64584651   -723399939   192960963   931529914   -130921648 
516147683   -128453595   368974963   597223219   415568693   -403498168   484684268 
-333246144   -856453859   -281788482   -680322957   110417729   -864615504   -360504502 
7
761360964   -54030643   -213450586   927714860   -177599841   -954546210   -511525172 
-542484117   659396808   -93681120   -326129027   -70204620   92124243   963742750 
937085207   250350990   55013265   -874766565   -884529582   551803458   988333262 
-811649876   -257804789   -725890609   -826862003   -725890609   -257804789   -811649876 
988333262   551803458   -884529582   -874766565   55013265   250350990   937085207 
963742750   92124243   -70204620   -326129027   -93681120   659396808   -542484117 
-511525172   -954546210   -177599841   927714860   -213450586   -54030643   761360964 
7
159261972   947303094   975611639   466285927   272922409   941576321   -782452899 
567672025   -413638969   -551094966   -780838933   -82895107   -957603445   826121038 
889493447   -629174950   -382413751   -377519068   -223650736   -488881276   491549105 
284826683   596006685   -170418594   744782544   -170418594   596006685   284826683 
491549105   -488881276   -223650736   -377519068   -382413751   -629174950   889493447 
826121038   -957603445   -82895107   -780838933   -551094966   -413638969   567672025 
-782452899   941576321   272922409   466285927   975611639   947303094   159261972 
7
796642412   15113764   -53468973   -490901269   906665564   -857413816   -555924254 
809295298   -377327563   -363920769   629158017   -692439488   -543164317   -122646483 
779288379   -351046686   642246684   146289926   353124538   511359060   900833101 
-809857539   -158074010   -264841004   809984498   -264841004   -158074010   -809857539 
900833101   511359060   353124538   146289926   642246684   -351046686   779288379 
-122646483   -543164317   -692439488   629158017   -363920769   -377327563   809295298 
-555924254   -857413816   906665564   -490901269   -53468973   15113764   796642412 
7
936139044   -642157890   -916119289   594015691   594497539   -22172559   792204779 
-806485078   172039183   -553128608   -274290710   -893599645   -98014078   796532678 
-558039082   -860456297   244636326   -792408882   -834265076   846122050   303304632 
951313506   -245484494   -13496685   390107999   -13496685   -245484494   951313506 
303304632   846122050   -834265076   -792408882   244636326   -860456297   -558039082 
796532678   -98014078   -893599645   -274290710   -553128608   172039183   -806485078 
792204779   -22172559   594497539   594015691   -916119289   -642157890   936139044 
7
362515106   -74002017   558108479   289580625   -992703406   -333779973   -939987619 
-611713158   -444558607   -960080377   262272513   -614612838   -661778545   -574799129 
391623657   647164363   420719870   -142600981   -447073399   -428125786   -644942291 
371654379   169177991   -757681252   -739505172   -757681252   169177991   371654379 
-644942291   -428125786   -447073399   -142600981   420719870   647164363   391623657 
-574799129   -661778545   -614612838   262272513   -960080377   -444558607   -611713158 
-939987619   -333779973   -992703406   289580625   558108479   -74002017   362515106 
7
-585534618   -258164675   -892534681   253663473   -82194558   675790226   -295830082 
823658923   -651946869   -560949144   -95147852   -988544639   -59706714   143506176 
-525460918   922303406   -370449287   857191898   145801424   877147440   387482941 
-431249860   -356890313   -287246180   -522858367   -287246180   -356890313   -431249860 
387482941   877147440   145801424   857191898   -370449287   922303406   -525460918 
143506176   -59706714   -988544639   -95147852   -560949144   -651946869   823658923 
-295830082   675790226   -82194558   253663473   -892534681   -258164675   -585534618 
8
240168505   -997969319   -43714238   -992935068   813612633   -503122300   -891363354   -656185370 
180571020   126972059   191302932   -175608932   -828683884   -449027617   -250359672   -558754573 
-572565708   165782368   441575739   177035277   23348144   -643701372   -918951544   807765095 
-340678602   881427107   645888398   -16943718   -697707914   -381634200   -803066070   800527960 
800527960   -803066070   -381634200   -697707914   -16943718   645888398   881427107   -340678602 
807765095   -918951544   -643701372   23348144   177035277   441575739   165782368   -572565708 
-558754573   -250359672   -449027617   -828683884   -175608932   191302932   126972059   180571020 
-656185370   -891363354   -503122300   813612633   -992935068   -43714238   -997969319   240168505 
8
514199783   572891422   232321784   613368996   -290428516   -726336823   442564107   535387779 
632493788   -615088545   -887118920   -210374784   -870003465   798758660   543440852   130733734 
-564943917   -343291026   890250940   383709396   -359731138   7143486   -629325986   -64452441 
-607060500   -287423752   -67592166   -30781041   592168312   999953031   -150168135   -850743392 
-850743392   -150168135   999953031   592168312   -30781041   -67592166   -287423752   -607060500 
-64452441   -629325986   7143486   -359731138   383709396   890250940   -343291026   -564943917 
130733734   543440852   798758660   -870003465   -210374784   -887118920   -615088545   632493788 
535387779   442564107   -726336823   -290428516   613368996   232321784   572891422   514199783 
-1
