13
-708703961   -710079140   690903538   -783003163   94471021   87387535   550498115   -757867204   992286933   -253863780   -924582294   -45986324   -732334720 
-273185796   19892597   -734030442   967560616   384925977   -474511191   -981927547   259145785   54469777   -813252236   344561814   -903690219   -790138228 
372365322   -638708079   715800338   775954826   834279184   282074703   372201294   -897354404   -808578822   -918670718   369458649   -420247030   -393415947 
587241363   121121221   -758739326   -155164852   -820086586   -316563067   -338722021   -969716467   -775322513   448078380   429023718   -438340950   -395780432 
-96575335   -147737712   606511622   533879517   -706647057   68805050   -924624686   -647578788   -535387825   -186016007   302602247   656293370   679419326 
-753658697   305908534   729121877   -460931472   82172372   -605534840   -238939996   -273888186   729936042   -532190028   99745331   244255524   892014282 
216570353   394874478   807463690   307071366   -965133768   533382555   -78993075   -196760564   752810732   -680496940   895432783   -783539400   -332464641 
136056549   -528745577   560827037   -225010662   493788652   197389598   728779200   293543773   -995808128   923804983   -864717581   73118878   690195675 
-122257957   389783568   -480651912   -278972214   515980354   -819804316   221546546   399880874   180050771   543981336   -25722352   -142713811   435830908 
-550814954   -276773295   -496035732   735180714   -779233023   -432293882   932984237   -407234750   -997496381   -655468690   -452689119   247700447   60208021 
-73667061   -30616228   278755335   871921032   -299758424   173285985   798298083   -880277743   -88085711   -478310090   444977225   62944915   705045580 
506707900   -937847800   568896296   536213065   -548128661   993614617   27506598   823102148   549107495   727878010   -191403148   749608357   272805556 
127012867   517086016   42751710   -705264654   -149264198   822267778   888344007   -463705484   903603747   -768138573   135903861   -268470522   -396378175 
13
-573291056   427841347   193006752   -190015241   592709839   421007131   -614964872   730451343   865860735   549140368   -470959820   42202393   -15194293 
888319032   778057700   -634053353   740208777   -407297176   -221482643   691177945   -234524539   245929216   793500439   -975808408   351042418   340068354 
25135321   544711285   245761948   -420242906   928479091   39999941   954710540   686791687   369026441   914224073   666517745   -166559249   -487287847 
328790525   650057318   -73548844   752491921   403334403   -346279135   -8972813   -760748647   761878884   16534524   544340865   351445675   -759269189 
344921096   783018071   133404753   383454143   -793858657   704955243   -564814600   690314868   -596484184   -53479072   -781829354   484719563   991875887 
-559892300   -747677455   408631398   -367627704   -680782386   655227638   975059493   -849499145   405297157   728270150   497494769   -44772547   -779062930 
-728525107   -682850837   -347606499   118448858   767401192   999824203   250337797   -970642337   633509497   -699903931   -720159491   560909280   73074422 
410595487   -242381466   -763801679   -786084712   -465693066   225572818   -524847423   -348346674   190492629   33770581   137674646   321779209   -539032356 
739594405   238805542   975883893   140317742   4190417   -541313412   500515278   52270855   578025340   -684088463   -694910595   779661140   943679895 
134862632   441009439   687309509   101320508   -451931346   892638358   -997746464   -189899365   391757557   -743753962   778534312   -81196803   -607685316 
844786261   -88073678   -238627342   957771811   399890447   -964896540   795810282   -587402464   -221306806   -277032426   22926552   -369246937   302821172 
315350906   -256629041   126789479   -944297242   793383853   -774089064   -82129128   -650652460   -278618958   -852308792   847690017   -130220401   972900258 
-948020091   -743327523   651134903   -830449614   879290038   534357483   -117944205   428238629   -21345691   849585894   -11618221   -288023802   690483176 
13
614131534   498070924   867513650   -244730487   931555943   -575541202   -355364149   -335308826   999102418   -368128659   -705612314   -4470578   696876001 
922161680   414971914   876514345   -208357680   -396725253   -549031806   -62619987   949177412   -775801116   159323160   929040143   -723719023   334520231 
-229847232   832256740   172630176   -368068773   -668043199   999395921   729338385   -474774827   348999258   537300434   -7333125   -724335437   973964733 
652026255   762983945   -350183407   -841504024   -344415891   821135781   144503499   219612919   438837419   -703845518   973623903   989540875   -238581965 
-909150461   403125799   713896578   -692581958   293073979   -201594668   870981172   -112254809   -114058066   -971646873   678070928   755398788   -576411450 
-549243411   606012679   438082712   42870065   327278180   -348376365   -804145821   660892925   115900708   -821549100   143307967   285539734   -744029313 
-139469173   616639687   370999527   574652609   -203381379   -152025529   561086898   344441378   86085117   756315582   543523464   241754300   -229135408 
790481305   815811866   -554418205   -738810011   162876445   431828577   705557036   739794887   651662082   -825093912   8964158   619513087   -959178768 
-491044668   997051359   -886847278   189335762   -281132963   696773145   -292083301   -357301596   840984230   -8763668   -378572308   232866036   682227814 
-849694333   30846162   -680429246   624447642   -863680482   658417058   619965007   -422165404   979857330   -565236606   622878462   -581784732   -351128829 
-661220498   -948482570   186209657   -895212497   -970637671   -598984743   742538299   746974066   351150449   137775213   85929910   2041448   769510864 
-977983911   649829229   200438827   -303557154   -33041690   -579642360   629696155   13892816   -742049333   -759285729   4085568   -658897493   -743999131 
394722181   -961116036   -197325464   164776562   23236561   676695669   -179078150   -144736389   762781146   996603106   643516062   450287370   970360040 
13
636048371   -409907350   -336080026   485052288   -420319251   -404863075   -293723   -227411319   -829680759   -839356947   -68514413   99130684   496616759 
-522150750   15020565   -710817326   -932248973   -961185492   -249565378   -493675730   -224335152   28479666   -685089105   -396594104   136319456   -889772639 
522806933   -709569486   -836938600   510568312   -729197895   -803193960   -884916313   -955710574   783336255   -710896285   -156540283   208310682   685652637 
495738704   755390895   49255519   924165820   -14805249   -502176827   -959314247   819491336   -842532790   591800440   848261489   -197773997   -708799299 
54257264   -506118416   -909798989   517962740   -950513386   375833185   -95886121   961943713   -721546623   -636863253   -930028701   872417415   481084146 
406166680   871488365   563457462   -619924619   -564240104   432425518   -685882408   -569372448   -598102496   -473009820   106906492   -935379960   -815200226 
-53798752   231547827   690829673   -788971498   -880332059   -422542254   -649984561   -978267094   -799279771   -878365125   -395084229   564659835   -782579310 
833724800   -645347495   560516249   395775578   -816473248   -865245742   -740425814   -797433080   -676591374   -501097586   -267066033   -448312969   -364245997 
932132777   -634927952   -769088641   466297472   208758736   841464762   -264660663   416639748   715201392   315413309   -759919352   -586726800   -696926053 
895969388   -485964202   -309549145   854280713   683704815   -429242312   -734412105   454178480   -692933274   758352450   834410172   -83513233   330475725 
-333846705   306164948   86773287   309532715   553079574   -243289343   -969864002   -678401658   -288678061   -580264717   -942984686   -182365113   -335968721 
403243294   545101564   614597060   -578839655   -846799062   -767367601   655433542   536717689   287553551   -91083432   -749333681   -711704357   574283643 
-39718170   -21965454   717134251   -23678295   229215368   -883076022   -773844602   -315292037   22282762   600343649   -254014772   -599106178   -271167833 
13
236146630   -466855330   979077576   955636954   -240520498   222393899   -773837792   -881307761   186808675   -663571722   -229039781   -792366578   788452613 
-782998283   529918713   269514101   341228376   -583179706   259816282   428925677   86606069   -661741506   -125601031   -758075331   -656073140   834191256 
343855978   195026739   -861358349   -709121619   899586501   378388675   570473167   -397246698   -492286531   -879297501   -851902984   -943351398   -753881093 
-298925853   -750810997   166939585   410816648   -583413088   -773172040   339483223   669488380   585302936   372269230   -18517400   -494964490   50397434 
-50713940   536732228   857490860   382795564   390480933   -506284358   200130886   562023608   856247989   779906628   -876365414   -63795136   -766802769 
-137396421   527073553   440583934   -120452590   -215218944   -545724212   -171302638   127795284   554004175   -485093335   -990433924   267178170   717902617 
-755667266   -592393143   -577528780   -865852955   -37869077   -210220881   698956584   187850419   641862340   632695377   39443236   -945953420   75125262 
-245587254   -248189236   -571329896   645793111   681863867   -898982030   829076446   -36436258   -912151986   464903306   -367972650   61628192   -829846249 
975178487   522884232   -34651352   517991994   -180001581   820532906   -39496928   -811777303   268173178   353643364   -54596642   -362097861   179642360 
-83961404   93435728   855153471   817098486   718456599   -25396214   -718678124   -913367805   889872279   -676719844   -806753119   -26297169   -519139124 
-172244771   927187141   -126173955   270908172   -306732775   -373910151   -336664857   586538897   359567332   39975125   530205190   -954419079   -275043127 
-322149139   157219293   547781124   83777746   -620960672   3321509   -388688296   -872460839   853852778   -687399042   288548528   641161915   929515905 
800241428   529090658   -577550624   -271616666   -697932482   164579955   941208800   -605973882   646600391   -409845638   -432963621   -380100743   -205274973 
13
60355289   -373191728   -528980093   -981386824   617796187   559388298   240615965   813148869   -246685373   417340257   753414655   -394656558   664200512 
-740881039   -402103209   -48155179   95446147   -333521306   570138343   -52334810   -864670582   -538907066   -543118577   -762748278   847744536   -790347375 
202651841   -776545280   373082542   -319188110   698052740   -451848425   804297667   -848337063   -974187225   -25277721   656338307   -793364729   864265001 
-528969686   -583314247   -771892433   385137577   711541982   796686986   -728807201   589563141   191674374   -375602680   714753639   -858088074   426121822 
637204895   -738585747   317832422   119552093   948021870   915347955   -985118841   290725828   -515914771   287010305   -831057797   -672501054   -885672596 
473596695   -51941355   869227996   940808664   -155339510   -200090858   33540779   822127228   -201926861   -152560697   940188517   -399433735   -888369817 
-119408563   -932860549   -978428775   649781192   -277816183   599213030   -103526931   -565704878   679953453   -723526117   402863689   -519382940   -82201644 
477204464   70102434   562655707   -550500413   981842110   276144383   -128084384   -218005694   -975581691   728320776   466851983   582320399   -480571400 
-512946894   -499676701   -736519600   -866687136   510553213   211291883   115832332   277254018   -569422089   387940196   -175546556   733732659   -480032248 
-219715922   225642941   -469668279   -924620301   -715666015   -813098794   859874938   -920299179   195097259   396353707   -160598543   -889888470   -988760953 
-224459995   151065116   261790411   308776647   890199660   -501261394   -285468077   -113575758   -303870891   596156090   413327924   -778711662   -406346818 
798786114   691450281   198137371   -193975942   -12641469   -788286639   -791873561   400398818   852775123   -469388276   448010301   -476327601   492353497 
-109910173   -472955293   -694960618   85798840   -617657331   790827214   -693985949   -472720402   -328027227   964177912   -42928717   465531618   -161797192 
13
-575386760   -48204000   -660836017   878532342   890249959   104850207   -752942929   274730044   343443834   -150975625   881882204   595864068   302122203 
688317270   148356631   33498909   364904210   372861045   -542969089   -539490361   984055627   441393553   -796758169   -940999938   -750610507   523140411 
165498664   544020590   -995407439   355500327   612298096   -570045446   -91490068   -409678301   -134600245   641846606   111897598   404333613   321255063 
-196506944   -773410656   -220403173   364123075   -173368394   499905120   -504808451   -143059259   -84373317   -892026913   70141022   915308977   -423243571 
976813168   -270593958   -802461256   330601657   784199147   -923535429   -765730026   -299485480   -269329386   344625573   414162450   -84418675   15826758 
945108977   64878254   863757961   -240643270   400066239   918027146   977006148   -308156380   -479362926   -128489132   -267767983   -960846315   107840025 
-561469591   -821792929   570127311   211240600   -568393503   345100685   -526919879   526100719   -96563967   374782209   -602872140   509252199   176666848 
143284566   -765709392   -961431398   663724683   854280792   242618958   -863717470   414776545   680066569   -747256439   241823418   410626423   -748340171 
-750342118   243617729   547250211   604135105   663187134   663038561   -170899510   986095449   654257428   -642778290   752127264   -11261205   -803197088 
437629968   577038725   -26703951   -763931076   269545269   -618350936   339951662   -971436472   357809840   502948763   -788035925   323056756   -650706294 
-648562262   597628997   461796721   -241117854   490729499   562562287   260326662   -295230080   805931924   -826961640   -409316459   -770008443   -444757864 
-794931098   610384033   -680359289   114733840   -541582328   199156863   196002975   289573281   466193139   554724187   -185434373   184855290   -368951854 
881253519   539312643   982650916   -591104792   -20040324   -193786269   664862616   -277333104   -900100062   994534783   726197416   -968126406   506622635 
13
-552511142   772290342   -999223496   -438177872   -737355459   567832539   592141899   -429844133   -556792650   106227456   -942539203   -508350205   -289161395 
942398835   -689054129   64077224   856859617   662033828   -772158390   706014577   512250190   -685954051   485946917   76903393   -351436216   377353894 
-411167569   -579163668   870690772   148761828   541819439   -392450138   51786468   419111757   -399951889   771232015   617973732   612042250   111976898 
-177910044   -590882879   -806976056   -311904783   236662428   -68630898   -701164044   500980906   -697755673   310475524   500162982   -253782037   -531419768 
84965552   -842839764   -605416129   45066086   -592168114   221257229   -879682587   -650852435   -169564247   -539195323   266948303   -347872464   795110239 
397435701   171331918   720776993   77021851   712704841   254616168   261597295   -214131888   -514861646   656217107   789552493   382597818   340762332 
350485297   176563758   248701346   -426509371   -769517660   -734528445   -525169561   -210578637   828491658   851085360   387786650   256626827   -908062171 
-869026703   -135664425   -91617555   -91565585   -836270151   36111414   -154910772   -62302035   -722274609   59244716   557290718   147295476   453513417 
-824220928   162744961   563295985   93568200   157847016   233817342   -96801099   -830265293   186590524   235377872   -259916484   279715666   167299996 
-866025102   968844191   -143622292   586089054   -193500366   214173757   -382497190   -97693028   -556846542   312500655   -172092716   760709080   501230326 
-594409764   -132850015   270168997   -262159539   706739227   -278496499   -982297751   141929620   696290297   -491693340   613423456   -30601964   170140321 
29642738   -207101493   46211972   -222329253   366056793   -56415741   -703023907   397455398   737758959   549682762   -486799580   -604126755   759145571 
-117552538   311090873   -852450021   -942137744   -180983218   567591617   20906721   -12606366   90238520   209891169   510730436   -565016124   900390851 
13
-610691173   -908081880   414101135   -877119991   574925308   355605015   461940339   -104820930   -598889256   -951575707   -986781493   -240595301   -819440287 
128588033   449296837   -324264401   771274239   154414407   -471826943   933752325   33731008   -538648737   805024859   -33501113   203034265   -29748087 
667597858   612294661   123267035   -603532618   289131413   827071176   -769291003   422958130   -374032632   899797460   -553425038   -718161231   580789459 
164389331   235980868   385076165   982068641   791947958   -974116344   -901229711   10817609   413692923   -680698222   308403222   -59760632   881184698 
997705148   787968999   -295719672   -335487589   -550430721   -656072770   -306912561   -402969533   -511034689   761067216   370260715   501631688   -297849731 
943292450   972230381   360528284   390529285   69574516   -504225873   -465431239   995167019   -841637700   562049422   -955571039   -176135127   -899056534 
697833123   -449289709   707734573   -908807256   614251508   99135236   -113339803   -728722640   54197995   901099260   -211466671   443144299   -107017290 
218904727   -232565829   -750141016   228106846   -403074092   536701259   -21046464   478987474   870441668   -773469960   -878744972   49893931   -952674255 
-910092571   -310247718   -138432022   565530052   503643286   828004087   -876869673   -19300690   357300693   -878718290   -639019746   940573301   -177206015 
-944022987   -952616109   -369803591   749922394   -384940545   931022051   125385001   650771786   73443862   637100304   -771981182   -265197749   -81373799 
227082694   689426852   -30844254   136105077   301530759   -876365635   613105609   321754   434306445   -315550517   751932163   -86870731   140134263 
-429303889   609742103   -554647525   -573995395   -768281727   -276855131   115317447   577322220   -254800513   79762559   96646536   395243143   442429619 
-821142247   77246207   -384650895   546425941   147708441   -507605942   -195858720   -587183158   741255417   -807319637   -372618357   -607713912   -137816646 
13
-371493060   -476333245   427419711   -922377901   -283983328   -750796459   355205620   -827507600   -437171953   -785780472   26377875   164535977   -999802433 
979337823   -77975520   -386110380   471540159   -854377161   -491244976   668508493   44814658   -804656794   -25087741   170858281   219214165   -278780663 
-864790360   317571469   439962587   -564314355   -521321933   -209825988   861840828   75636780   23840295   -313498047   711906547   414553645   41680982 
899278344   -237498727   206501825   256079954   -808528037   810387975   -906861454   580902460   -490769624   101555638   -911613369   844091024   -461501628 
486050311   972580049   -839900104   461242549   -211124178   909703193   191541033   -235831066   -854278972   77166088   852085709   -657593677   68601546 
900051634   -859916866   453309234   344469216   -289017750   326298902   -360768482   -718892249   -715915785   -941180109   438342245   -278151163   784764023 
892572055   -277891124   -115049156   -172418558   451920033   338434824   62700541   -807732217   139384312   138702367   397701997   144475119   916381073 
505811320   223595907   850238950   -448973177   -738630667   596886371   -260985579   720430694   -813826360   324413543   -605408247   138399279   512095954 
-344759193   398356174   492290213   -164977168   712527421   -958855310   -230852379   931861832   -269681249   -433377124   688510312   427442797   162859082 
-78752653   -581031906   70839599   -921752963   -446125824   -764001005   673304480   -856482520   -963897019   -888442668   -776795274   -701107504   246288920 
-661882532   -541803125   157608230   616425469   -17089657   560089106   430409278   347048056   726146299   -676731673   -631026118   974532407   -181762139 
126097796   -384874189   344959527   -66380282   655693610   981313531   202768942   846930352   743495574   -885460388   521132703   728659489   -695239400 
352801091   269443045   -197139989   13754727   136469811   -362631710   680116576   301859806   -725520240   -240306921   825677345   -212513345   -925061300 
-1
