13
-400686906   -527350722   -535707084   -88794674   -334223280   516898958   -557534465   416850345   -62791626   -523976759   -419068420   -273998876   -967080160 
210638183   928776028   796061189   339978005   301901617   241657057   569212674   805067753   -944979520   -257314612   822288167   -209332012   850838669 
-532533950   576934287   939075818   407413053   -946731190   -607733841   207872126   -571991397   324415514   571092142   41685333   35714051   -576390024 
-125037461   473675955   401177397   688907926   -179363635   924662257   416197999   -500332168   846446549   484353396   -929912003   208992799   -356698341 
263076707   604338201   525435022   -355332252   332400868   -239080523   447585650   -398125688   264313516   -676713760   -317612407   -729904188   300919050 
273904982   -799065835   409182161   864835472   245179854   750953261   380816323   993098531   -894339369   694553345   133776786   891507680   -513702695 
-250941199   -687078879   465753944   -123810036   -416922224   879105251   -961056364   253120348   -271965548   758169030   -295537116   472631262   76386810 
-473719415   363797222   239179033   -249547602   -503165691   -189184833   -453000602   431544307   -166418568   300110817   268855005   -278575772   565711565 
487556242   -150363758   587685314   413754062   -124297940   -958284333   667259966   583952192   64438289   -94600042   -444865714   -56780445   -122390986 
559417151   465570082   200741299   -807812543   511049661   466951759   201462538   500439339   567980037   249503336   634522555   497106352   551519588 
861448161   711251700   -219856025   477012036   -624739671   891638746   811827768   69617971   -694237625   416048785   800953679   -116807948   565134361 
761094967   575469508   527372372   -399736942   -860527099   -675310711   -222821579   -98648340   625976032   43900023   -984434458   -425041437   731657613 
-419753986   -427540638   148839632   -38995632   -236149887   57531019   -820721858   302230920   -655591321   842060151   847256210   651909935   -434290177 
14
594036350   296590031   -204899320   -728934955   306319488   -843546813   -625563127   669495120   -763642115   98498912   -746787507   -832351200   -476939433   463935118 
-21141774   -155861575   -302567267   354455773   75883566   680478803   731934669   887637609   -622285112   -77996545   -785540725   -506633129   -159309960   936655616 
374678197   -596391431   -726976632   -516634408   -762321656   958185185   428954819   556853745   275900927   -898462833   -487739781   -79408956   567865797   169498032 
-402483709   654034727   618935317   -703382487   -344922643   148331551   469095532   -632145240   -78776852   273710830   702452641   820467915   -314534673   -120694106 
773759236   -742158629   555650048   -923590740   -856029499   -187916017   -344557203   716962492   -317605754   -313702877   75460339   419657137   -98623855   556307811 
846686237   -262972447   -794408566   718424721   -447802914   658882868   -576851581   -600940285   -492110610   725023646   -366632922   817176710   716627965   -17511811 
-753111315   977552015   929701557   233253024   863585848   366705274   437274754   680302444   -136308154   -770306621   -491283362   124112193   -518039135   90553569 
-674130692   362817900   -932710633   869015306   305845285   736076880   545516206   607495756   -41515097   -668950130   254356566   795570397   -97282470   -456073151 
-533196013   306032497   -569057701   200963650   112993623   930987598   -891059794   264875797   169466013   -938895311   -424635720   403547313   822269855   -559877240 
634036678   640767609   -364165934   767447224   -815685008   -49830551   773606510   -310309568   94836186   429752730   -47792589   972863076   -609918605   -978763877 
558925619   -634247125   449161419   -539884616   -482323961   747206778   -460213755   -524466387   -618327925   120695980   -940614731   576769632   -64027640   -270501434 
305882005   -486098728   445181489   -358760549   24532349   180625405   599466598   80573395   993066926   -441182897   -731573129   26272873   -69642011   -724133616 
-349892771   -244409408   130080441   464608663   204639260   -432578694   -282046920   -366087663   -685467286   -466029654   212300115   734154721   -615146899   -453974041 
-658020042   824769208   815456793   -35210650   -514493180   -199156400   686088961   491925738   466585327   -319451536   -91701583   -399416540   -932753070   -590827379 
14
-844017469   51407420   563212019   -378316962   885655531   -894284776   -608659811   362603592   -743101580   -140462040   -745991895   265789831   577406116   388674284 
540894430   764432732   -855546973   532589946   -535964314   458980691   -72918895   612158062   -693037305   -917678295   -16612115   658162105   -92011369   -956383068 
-824222687   -962465286   889115161   -895668567   -916228458   -317115904   -629143154   154933552   -71593943   158272881   -291474115   -553835434   -600396657   310571021 
-781580630   -702386055   671419360   932369682   -875080210   -291093824   -251444810   363334754   491353629   855045858   373391971   368406764   -228013322   794808305 
-817834473   45914964   -667010858   459088071   465155559   -430413746   -548944472   -110841031   -253145592   897419135   819349059   -663190281   -146898352   -843250937 
-543480660   -541537257   -760112499   -566554975   226227604   -321099016   -341693165   752128706   -72193667   -209449272   940919982   954464159   -58286594   706618314 
-303692105   -330768389   -489676480   -422642156   -4889889   -190582260   386850849   133723680   -50988041   486751789   -554382329   316668832   -748873217   -447166510 
590984688   -455336376   -867638157   549771245   -524721890   38749888   -141774526   -318396173   -209080431   -385553622   -351532061   -319285128   784430886   144571080 
27804919   98546966   261465952   -970602533   -268309890   178384872   -3534378   390753462   701766694   581892867   -716073067   206467836   -737982077   296007731 
376578960   386295755   -72876095   -742837184   749399004   677230870   353486175   -88382261   -853210913   -219841574   562463177   635276648   -928462262   657730512 
538894167   737097739   491956276   -533829933   290821798   395820849   407240741   976986083   782492330   -713761189   40920538   884021727   627708964   -950775304 
-337373708   838563828   -732144859   -996648718   884482773   796321663   -953440804   618085305   772680978   -700589685   144997908   -745330255   -895565048   -340982214 
858122948   -632756213   76571884   460549149   139931737   839123434   -18445651   877364391   195831873   -725366630   -259077817   653674445   -530197564   -791614660 
697925991   -975964483   -510179652   139313779   372823883   -839668612   794587936   -554520830   -131972908   -936706486   616323156   -32693535   -908079890   -910425098 
14
352305284   396590015   606271099   -282727659   614613574   -520015663   699083979   -414864751   -514868140   -883392277   -117474408   -888783863   -816105257   640484936 
-32182215   148189243   909513100   441746784   134130483   57491243   -903282534   458218418   381194279   47252693   -914487004   532815225   459375810   753990039 
-769831135   567191174   101415505   -748678410   460009800   54369751   793347589   73403629   -164484589   -680034012   128826712   177004565   948531198   936735943 
-602505577   -704225695   -200995118   1516563   -465210725   -17265075   761815462   471495914   -432342029   -780945596   353954924   -213282971   220173444   481034032 
-910913651   -834089103   -954403743   996043037   126578676   -221600190   -294686647   -777505553   892218886   944717282   -683012249   -818038660   313542433   914798834 
-249989032   609429198   -264065112   394183681   -575994116   -809873006   224530632   -917537094   -565582227   -517413844   -391888731   -109460618   63336554   -187905722 
780552018   -609412104   -665392451   -326625294   -255397325   -865147043   989962718   297964972   590425365   546405306   -873881813   -335970615   -57415092   104631621 
6743399   788806128   -261819609   -628956138   -629283845   472016476   348925156   833705632   50609963   104247461   -610907717   508779292   -458330156   958127858 
-985335629   10219904   -226270968   -481945465   644521105   30597762   -158210180   72824031   98298856   320839445   233988414   -633652102   -795040183   219292903 
-923981752   -199712580   -810465465   100590899   731368261   -994247609   -279826213   264990090   514791891   363644652   553425476   -908013625   -362849334   994340041 
-472935033   394616026   750235046   135127432   -559634627   -931395534   -892250551   506401611   -682145205   414203629   -310837708   -836486059   198629749   694846713 
-927379446   898551981   969894555   375638620   -945418448   483987580   204424578   -866540241   438196444   -145113264   216937585   -928423431   818634041   -739702122 
-885619627   53260479   -89407572   -716816914   -678229261   639297507   340912894   344946715   844250149   -966695687   -455862875   -647206510   -361817920   503537457 
-859652189   613779825   -446188206   415034831   -249791918   -680768640   697174180   -558793072   994152802   530458760   -4886950   199246056   252169733   -469781820 
14
246240568   99745898   682617998   -947371724   519385309   -922943804   43058665   325426209   -144463354   -333857385   703825438   802537433   -248422238   -448986705 
155022101   864084805   -683426291   995359518   -772712784   380854861   515839670   -606416763   235596744   -786745950   -244779181   498782574   -170048471   -346423183 
-943919446   -550446607   -35835920   -34875762   -376907297   414205367   -553613569   -617340197   703798775   -349462884   -428653628   -81583699   779337638   -157620710 
-82957556   -812655827   -65878541   -815021378   -409251411   -224173577   154556015   21844050   -306426222   -177953886   -248427098   629236429   722080214   -866191484 
561727978   609996142   -97733403   454037994   -353505100   519423382   947717517   885660250   -328097378   866685493   -584435868   -85598563   -576005785   354591394 
-59252723   -448352724   878074095   93783878   639213272   232897623   -991414887   -847276998   -519717439   947386541   29867387   -686657661   -497247733   -240207857 
586119512   -858849581   151518098   17211459   300610783   -110928477   -346825140   249438618   -116879211   -456834066   -326992752   -963040884   914701283   209483051 
-113010802   253116906   -62102065   21886963   -373695429   483701570   -373010886   141412812   -542216851   163437267   366122310   -536411867   611894054   789497783 
-939449912   339271064   415116882   -687989158   263583501   -997544409   777117775   150800696   -161781937   620316061   338178950   510846229   -560334300   -974336318 
209301306   994289282   -874034904   415540312   -816653406   48141288   -268386425   -239294076   254839144   -251440354   844783925   -186867280   104972997   -66601332 
-814586232   -726498554   -45513220   -38633869   -520923477   38305457   568853891   140501108   749884134   -447169294   296237771   487988167   -576635944   -572425858 
166859983   -413098302   -360811838   870446311   303416109   684827563   -398318782   689641439   -627106771   -434050406   -701309242   -940037951   965927242   923968167 
930905542   731850117   -547864408   972592767   702072511   219497568   -15009756   615426351   -879424466   372269695   -415945771   180113901   394056988   -452325559 
79089598   326781894   -131129791   -496366437   513943004   -380347923   -106238438   67029422   -58367885   970307321   441241255   192772531   842184731   -931718301 
14
-814768885   448751725   155722676   -52346966   -557266107   289360988   -36890539   -861664038   -336893998   -478953226   477398976   160882127   -429321429   -272033837 
70712288   -523114014   952364402   278843669   930196756   -760965246   -727994015   423957994   246503252   100957876   190668387   751307106   -619711223   -714099462 
-709695924   -916297206   -504395160   -572885261   -229676419   -578802207   -4032105   -179423080   -697996474   162526514   -333591655   -283185424   578419002   -986119597 
-836455410   -103958359   -302220805   402694492   -743421526   -109915565   239935076   14596032   -519089614   -215918829   565479161   -172565926   262642960   15968875 
-384086322   589938849   977288463   959907099   228361791   649482504   -374161519   -483133183   567608996   239793375   -108611423   965784826   86215048   -988773197 
-424047243   -6380903   361687855   -418632705   -378759028   682092113   877101421   651028108   45825681   828441254   -523229504   841769858   -748164692   -44866765 
-506317555   -4688016   -595578239   883240535   569207120   -675110535   -18532723   -418990234   -381577463   612111711   846124609   -211932008   -151526155   -341947687 
220229678   -796202382   -490867850   -568928185   -42775393   794478931   489160576   -770897687   358397321   -954005576   -495543363   328146254   -77068710   872307221 
671817669   556136829   904343939   -234398814   -110516332   82476223   -49314877   240957874   -419429003   567725407   671940483   -500827491   209111539   -742306743 
-22484311   -801178514   -767484960   -860553791   964773526   -52179489   311855723   160421054   311764888   432584967   -62619041   877278320   622994782   -369437779 
605138160   566848213   -917978977   -362916554   642191505   -272723125   482265298   -364938469   208300782   343452848   -973061841   912066528   807978065   -21629627 
454596087   212196912   -131907181   -63207424   105959302   445999348   -885491969   -817418272   -245838235   -476690789   -706057401   483616154   678522670   -55382530 
-420226446   984630328   144099884   -579737911   914020511   638869653   -810679040   672422762   856147816   -624398626   596461060   995580227   -384170234   78646552 
435041789   -608021780   -836853809   84105110   229082163   484445195   -151416650   374322545   962332749   848574280   -251142914   -753383275   -750110964   -668215802 
14
-124879399   -343150720   663065361   311135900   -503285649   -621663632   -961559986   363124712   814890500   449484742   -670592493   723409054   131083208   742537464 
473814812   205576978   -569873205   -253067540   470447918   952080742   -106440632   361703891   -776860495   -212236518   -816775862   493263787   589991082   313214398 
404166310   -512902059   402880926   300960448   525266177   38613378   778264334   -643218559   44952221   -864589180   -356634557   81387283   -899011128   703773141 
218866383   909411905   -580687012   91531942   338388303   469214841   -256917258   321226924   190271580   761813130   222856957   668235550   902806288   -674235237 
972097876   721355523   432097035   498426559   -363441255   173206967   116681795   -611228068   -414766060   -11301803   608342347   -809667855   643825784   585871211 
-888834946   -476484249   709588358   943959906   442796309   639789221   504034735   -611709989   59693703   481480   -327760028   -740120384   -22002722   -953516525 
780412364   -853947769   415322746   841869287   344902531   403195356   954629249   843079383   -678957939   628075204   -541264705   656279348   -442529344   476739548 
342852508   302574262   854867622   -90077713   427793960   -421052502   751820314   220941624   -481559683   -96449759   -128366327   -565295150   -280264041   412040860 
871941509   988803401   -671733923   830738279   -548028720   642771556   -46960395   46753207   367094067   -725947541   -212837738   -343010006   828295826   -520359457 
-5430104   471091670   477210026   -304484873   907971352   -516364920   965554689   -483062972   545748795   873950094   -795020026   123264441   -334643233   546339887 
812877689   -642628311   -271821694   652739092   -70071821   -811434052   -252193211   -784285807   665283325   929786379   137175353   788895324   -204337216   -515428601 
657442610   -624169626   842051247   745043933   954807493   -758203798   -40364515   994982415   629023463   -79747573   63472725   414915818   -471561830   988404478 
245869472   -700320199   -874906757   -253624262   -817813904   -349615542   498525316   -15189681   -562038107   986500417   290016064   -506470135   338800452   -796149448 
-291775880   426256340   -181403970   -98696468   -63227399   103997832   373304159   541259444   304055387   -842008202   647438985   866690527   -753019080   -294744851 
14
697567473   71864321   -940768833   326142924   368772350   233639255   -647953825   -720212888   859395212   -312195311   -65242871   -2266772   405713792   -849110535 
-550051970   -213771222   -306958758   133042651   35905676   229194267   -293860847   -499033343   434236778   37443055   -742128790   -505374353   -336080679   -297985275 
436815876   -549605266   -718955726   -324005769   216453660   613153290   -523438913   520571575   -352906388   104760945   819168528   -971348264   -930450912   741200042 
-582088582   669883189   -335945161   -783803641   -850303091   -551703990   11069997   63243985   -332629059   904223225   23779909   205323183   384093452   322819429 
729786286   -554891487   101418084   -275444140   885508633   -37354024   143146170   -640729901   602398091   -706710367   884919845   279751397   941596640   960575784 
-707086671   -171468537   269768315   882445008   613763543   463621650   470857147   -482219341   -778871040   -582470070   714968947   -647725413   239662997   441685504 
66580688   -741651415   384661091   182061303   606996677   21891359   177700473   684394910   -637023821   135486192   -182817070   -394913718   388536621   -175395036 
549128419   275210163   -154503938   -995294977   -656763202   604023926   927251864   822230710   -472730233   267842524   30823084   636761650   -950781725   852021489 
706734805   -110698898   -133148903   95181479   -277640840   -877609964   -199896049   -135559632   30728787   493028951   201891457   -765892701   277184086   -287059758 
871744209   -228627561   -717710432   531326699   -630202670   917072578   -258106128   290420997   -555505155   -279444738   -68718724   -604333953   -839397603   120850463 
-237186287   -409976742   -713531659   -796734314   113404138   794997603   -477187799   -283337573   151928915   653603100   -736613889   -226542529   868766946   252389903 
86733188   377727501   93678105   -310630269   384836884   -434419630   -630827149   686232016   211537559   -599467453   233769990   9164692   -413692679   465263211 
429212703   69120606   -131610332   398891946   634872970   -385808127   167293315   -337590192   876765666   483734252   -259365380   659817905   -674774899   -286019376 
835282930   816277596   106821971   315131685   -262183693   65178935   -330076641   -34533947   235554861   -869748255   -611501054   18121597   389756323   -212046959 
14
747765755   64961154   -875726884   186418938   193112149   737993589   79791678   249323965   832468340   6357261   -287603844   -733381413   -518444285   370650459 
690206617   -568032257   -703672642   632964289   -883473965   -963067444   -664780978   -359212641   950254017   791483198   799132684   -28921118   -200542330   259975604 
230861956   469615966   -742857248   469705444   -417633680   -505764503   16449304   -512975376   -772781341   903703195   -302471182   -529628408   465189023   -800030702 
-50649400   316678712   -827607756   35200626   271657627   879989067   -983527760   715063403   630154611   -131837841   -466383080   518082478   170644073   831060152 
274496481   196815697   -903033062   -210927565   12508389   137097964   -377670297   382772561   213463897   377453688   -586544810   -632653976   236335077   284182028 
713537274   -43100653   859515684   -39215716   532132521   -619715735   680203051   -80438538   146545219   -300378800   -666141232   200739264   695671901   562020669 
857254980   613485817   -221957735   -962736707   915756517   -829301749   429642760   -222095027   619600933   971419760   70403171   306746881   728175176   659428590 
-37766068   192145900   191220033   728573504   -195701576   -302980879   -881776554   -481999920   -680555484   -933362845   666054272   -168491162   88704254   209467073 
-283857943   -341072476   -652713256   -264530152   -867593783   475752049   376475589   -301823461   -146296775   -417336239   789439830   843906493   -233444848   582980450 
664273172   -709813195   469015656   158444786   30109563   -601485797   -747355411   230532733   834407879   -572467074   -229421265   185531007   492479489   2069194 
-219056727   185328690   -953411748   -36557746   -720211245   615138712   838697693   -287835067   -830393432   -763962958   -429940153   613471693   295485353   -128652294 
352032573   -157588521   -162410603   79619405   -402018756   -781182330   -335296800   75905163   -840615823   878421182   -739570422   787764567   -286333552   -7173911 
-116509258   778469398   -536208490   524156020   -244425579   830503264   531490947   -803816223   68993279   -835354323   -833403592   -420341319   736437411   -206372482 
-33603764   384086327   711368981   684027755   111886777   -478755041   -324030247   -981800240   -961360504   -516417862   -367743485   2091994   -167414942   207028731 
14
-42688059   555426390   -284958672   934353454   -818822017   -264361267   945902751   -191694573   -651989756   -45657762   122949016   601950939   981101317   -691613654 
480676489   -650376029   740300536   396246283   -109363838   575964242   187022442   878663833   700527866   574434232   983873344   617780042   -698209900   582167552 
-631913181   656515962   948997389   583843063   232775875   384039283   -266372935   -995886285   -810531866   -478560242   -24000201   802988696   846591777   -662505550 
-534578226   661861074   96072901   497883086   -273953946   -965982732   -781830690   849660186   -936859626   105833368   547742486   -993239410   670762433   883591430 
956003362   65475846   559566776   954471683   23625822   961653537   439396522   724900325   666582120   469019759   -105707190   767804183   646270583   -808017242 
-479433004   -626543970   362986393   615358371   728249170   282187411   -374339390   -550404045   714954621   412188845   -716212670   -533510396   -574777195   -976890366 
-387977889   -482935755   -870936075   -657527854   -153673847   -325009842   540411532   -320521202   -102943223   773746402   538198760   -559546122   593711664   -523537743 
785162521   -528267138   518295375   -718442824   240805057   -887486343   -202180940   184880007   541883231   759483459   -130445939   -997181595   -698895161   -532731790 
453742383   370521987   142925152   622700838   -669106086   455033017   -541422464   -365647903   -822481329   611001677   -336025002   -392461441   535825326   -879153939 
294857154   -432050729   -95663067   -153782011   919679561   -392730180   -712168321   -342380291   874575601   30094580   392655057   -986417223   570517048   -888105402 
-160073348   -764590039   155675091   -146337270   -871219630   -321333972   906390094   -622454610   170467232   709775371   914714001   397710518   -57178831   -950661262 
-774325115   887973838   -174683610   372813589   202541549   30868958   -294336238   828458214   -455147720   -226468689   292837272   444821710   532199886   103257443 
917529900   716092775   242020695   686792727   732356409   276154308   777931113   -648336948   -66696625   762005390   579071017   -758775559   659230811   -787064967 
-278232595   755455841   -184393915   -577808503   489028726   -435201974   -672391848   607275858   184244509   383364684   208391593   265962564   355650633   -608732902 
-1
