14
-499736879   -179108992   658594538   -496843601   719109307   -270541825   -157706888   -228616904   -287623503   554958043   -747238799   -440252189   -591299278   406819294 
384885636   -347864097   -519378780   68484707   599447635   -584198345   -371161630   -433604938   -224568421   766646925   -173183453   -549950119   -623717606   -758762632 
-361587040   794385898   -923820861   -311776529   -919118061   85576003   586429186   -266143349   -261301070   166018551   -145837678   513520747   -326320085   38110066 
481489927   423314768   -987459666   558270343   797583606   834823283   146041435   -138437277   -404234192   996388689   285204663   352080959   -504907642   -724462793 
-550122455   -575283757   191023797   -874133707   273874341   -597310007   214043692   484694009   854918125   300646786   -939511027   461363298   28052540   -487588509 
338806044   578176383   82530764   -519529757   696118605   -642737114   -533782771   146002781   353194337   189089595   -444130538   -470341937   -98104599   -657622689 
51283648   -285532822   -313563889   -170408857   -827054604   -841399567   508182742   -380568669   131887124   159535915   -28143010   -371329400   -82115064   -583463466 
488075250   369880000   528817489   -445117996   -167380807   -678936621   -155158005   -273393475   855516390   197516814   460431448   -88573776   334286256   797115349 
-138600190   330831433   478593174   411527594   -605671176   24484177   -375824114   302884798   799695754   -58540312   -712010429   -881302907   750868227   523856509 
635437713   -496347345   458314344   -417693598   338983537   -259068194   70244234   204442353   -157124453   927686749   -813520073   821415300   318630459   653472262 
-915417155   150379314   -542123170   -502047321   -994144837   335750724   184099348   -445467775   -986924891   364089677   -189614287   339062859   75194481   129339716 
-227136625   441671966   806010032   711459708   41044159   -270223103   853279530   36413107   72422134   -636668747   74647120   -509069789   113008775   295281124 
28376687   181901166   -612173790   -354645163   -352790425   25058661   515750001   -45760966   77516389   63701650   913780840   238581512   225047745   331208161 
-610119670   894086310   -401931206   -5864186   -161177428   488500417   905009736   -429469051   322691551   951484640   -598622510   759621694   133419273   290401975 
14
572593504   -831325143   492249804   -845163069   356460174   -797985373   -153902630   650800416   225290020   -33312026   112655794   -273496954   -549349991   -408985823 
426246860   -76216052   -380141094   973952440   -818485645   -986366987   -759405678   -152259703   -768829034   188336345   -678050349   -105941893   600886514   895271147 
888992561   388240909   655512712   -188815272   -657206106   -350433714   78221556   181035121   521422093   -911840241   -824892139   289880748   -975548395   740631960 
-552421971   471299700   -624071071   996855377   763891444   290792484   -486313652   -873769021   -504394398   630985914   377682570   33000303   -540642584   416996355 
341005346   -274726439   -138479829   747650042   -60647418   -220300174   -716147517   -441421340   286953787   -77141640   116319023   -880987703   58594823   -994270924 
690949629   822487938   -463219048   -559820242   -720428952   -171090584   -849291799   -803860468   -220419625   570989973   -974236557   -800923686   -661731799   -95391780 
-442935979   -704848352   816274583   -814726859   213422336   892916518   -884514102   453635764   45404508   -683843535   -202339142   387829004   260131988   328074099 
-746681853   42959282   622732508   -50160660   -528311325   298943537   -162585191   782145593   -34554517   684778541   -201840374   -152350394   -22995185   -737062169 
885664778   796475607   -279618893   135366240   -176487140   -771927963   516386220   771024591   -111972934   614118035   998825424   432022366   -692388294   339001493 
-649697786   -738508043   -235410066   -719092672   -892019655   559346650   753302651   -190019296   209611925   -599188139   -494109839   279420424   -647006019   270782651 
-758636925   -435688127   122067475   251436939   554260688   751690929   -428197141   565218156   726377151   135956442   303076079   446726879   -377363673   884040315 
-399434937   793662183   -654159999   -990998204   160733164   102496139   -302196816   289148361   708642910   -427591180   -33784108   510518303   449139725   -832683383 
-187941003   516658609   874223455   988040888   -214364009   -753250366   -444010171   -844018267   502048731   442458094   -379149982   -233570564   -989691073   215700748 
-781356480   615800230   -626763986   396414423   -406484323   497668047   -899165006   895331289   -603948200   -245979709   167436104   -785738669   -796954255   -819259578 
14
-271529965   -130119770   -657628702   176627708   397020545   -950263262   547098998   656326978   914380447   486030137   -365236946   -624577384   835465780   368869237 
-484347081   793164991   129252758   -853126450   -81511606   559706850   -942906289   676744083   -5193890   878246344   311696902   -629714533   774039922   647838939 
614516986   619712854   -789968302   -206201062   -212492059   -332683863   783438133   -133722553   723630978   78233533   -802181019   -442554029   -966412495   -226365354 
266712636   419913317   909361427   -326941666   -818260740   633262616   94874001   598976285   -795677349   445475262   31506700   -407923327   -421014495   590469031 
-579562237   333383885   780965082   -552252497   -126866176   -279252481   694300787   -523100368   109018584   822922682   -673339055   802966285   374132993   995467242 
-303913844   -714331720   -386735169   84200378   -303791619   56627487   -202281712   366305958   96816892   618906509   -767248869   314005070   57784222   368687467 
200592436   661587407   -443896377   -155825259   -568933727   -611893078   383032204   -869601970   304676133   -341729810   567198201   623415280   71284702   941485037 
315843070   420304380   -408796024   156903997   825661821   118852413   189897676   566440098   239266299   718981433   989792609   607114778   -846921195   813163515 
119152615   -196309729   903484614   35593958   -838081384   -935890772   -712292666   112640247   -253976072   -771997557   -436554501   584135332   316912827   -695870153 
-620701255   778269021   -272596348   -418093749   -741462466   -315177139   824968641   877717831   125383069   176174750   -644564715   926799594   931636813   -673437281 
632739518   528406419   986083312   -657497509   533283783   318131972   -842926641   -368745379   -822459721   -851774658   969521660   -631046115   -898209669   77909168 
-621783604   -870199592   30671746   -681306234   -62080856   -481036552   -268807535   -885433078   -122603035   602687691   579591381   92029765   44757197   -811646353 
755035380   -260369222   -6968262   -901428933   178817225   558096703   -568897318   -970010671   -53270927   -111454481   -302615733   -225125721   17383344   137527454 
170516145   -625906126   693402060   -595104235   53409118   255450943   832004428   -811674119   181471458   378393762   249594268   294970617   -556271697   -748858785 
14
-399108210   -460177812   -513343172   785465079   -464591734   -142831279   15066997   -235252715   -361992878   987881272   784037513   -113350999   108096459   -115589078 
-529887614   -392727388   888122829   -749876128   534673150   882802748   648225732   702882988   -295729882   530528511   -819998213   -498220385   -907338108   -872343044 
-523990274   628681846   -7530824   146427733   -295141277   -212294869   551320841   573412653   -745947190   -523616673   -642518482   712812492   -340894066   538399422 
-849238634   -610748739   -231587490   -432364764   664051595   488295063   92935515   856873643   252567334   -255226638   503248737   134447730   121455974   -786107943 
-414176510   698478236   676293370   -387182757   806782977   -348950874   -740701368   -531874272   494717460   402696637   247087850   -961052796   -314801233   -36747596 
625965055   -388348695   895051757   891485163   828361127   -613017112   -163979255   -243960099   574852854   -540542869   -823766462   487548082   -645598858   -748545493 
-993084470   126224740   -806010066   286000007   176783444   -571649806   775476699   304711307   137382963   -54217118   149919531   360791633   131092976   163571191 
-314514602   -652108469   -347685857   -714968965   77570676   706350181   -619689313   -885998949   123063996   -584485218   791973619   80621836   -783552570   619594690 
-848151386   695648999   -345557527   -19372018   293311418   416920391   316873287   465689440   -556716418   487756875   336525835   -542285838   424969818   369267512 
907200209   776969889   148879959   -812901213   -552715228   -321759401   306515239   787196372   -466956047   876422915   975623089   864979875   -90154898   79384304 
274304997   -127731642   -779413198   619681447   729166430   -13406653   66139975   -312395602   986628434   299278076   998774249   -827410160   726685546   669317421 
335217018   -65676995   950438381   -296674759   -572355753   960232030   457869287   979474667   258010077   -455751   516855968   -701690725   -466428348   -312884813 
82227275   -429819862   -935845749   -287542449   469173570   -874090849   -548632851   412410418   301260265   -550156089   -658592881   -928369663   -882731874   -187961687 
-578545875   971536769   442514724   857263726   918417944   -695581609   175723015   869054299   83888418   407885070   -696291987   -488269377   51430206   -805519349 
14
-542442881   629716916   241551158   590050636   -24404763   -400724223   -885328230   -935385148   -526208432   -53041714   -347192277   -527593492   -841406404   -838812096 
979842331   -179004241   -235813362   894851456   -229607618   -617665443   669141268   854600252   -968910293   505856375   528833768   -921171001   359092803   819702983 
382625773   874891059   -194199079   810489514   925261856   343758043   215935700   -780045995   871267090   38105015   -507802551   326893754   704723638   110650787 
-281097347   -781011149   -729429005   665334064   503612956   -69267789   -268448662   -132216549   -862394256   -828646357   -367149833   649150531   121456715   748628159 
-598092641   951435953   545284276   212798097   323229666   586792232   960937978   -91039084   -938145878   -945145976   -915813940   810518169   -470475964   27423865 
-144325788   -967818932   614011439   47594896   -412772527   -29975566   844979917   385013479   123316895   -320098464   772124552   948880383   -405948974   926845163 
-537623792   -92753105   -766234159   354401839   291067532   287919294   763749465   784124704   -249050712   623742431   -401981031   -376414542   -189784708   543026671 
-556217235   -413022545   468452089   -168425660   327723302   78490035   -621124206   813688283   -712640584   295474460   -54710010   723596165   947328809   533335899 
-880588574   210632201   58633851   -694651219   -616348024   -945151280   -713779734   352051431   76910885   375867381   193026101   -198932908   654267418   -49558579 
-452718466   -943652491   430247678   -193146321   299490697   266429978   -281318460   763378520   106038868   805542731   701464695   -59592085   -279713019   -667147887 
-441283933   -815118203   489157429   -808489358   -291887055   568507815   -390140291   -985082546   -67009003   90463342   929129178   -879953117   -48118779   -236005797 
538213130   410978831   98392754   231542749   -554992830   -767164812   513936486   287662374   -940287781   -335668006   -256041622   653983420   -666620971   -208598612 
419358080   864262685   -717879631   466391831   -469799330   108571199   346580343   506478016   27930032   -87121361   611448006   932951539   -415220490   -800779787 
-687550506   720283279   -867515773   938692013   624741133   992151065   -939421006   179643420   690399761   441646663   16433007   210719484   -574496948   56968274 
15
258002111   -513697868   -415807580   -602227759   -209781550   53487637   -203455692   384051383   896398821   832866487   -345874442   811495621   -874819134   923057769   484874059 
378238523   -442380408   274882551   576026889   -942064129   943499147   -962260122   -728966005   952090273   -117329492   282967787   -553506718   -572514882   455365742   636425333 
-746038616   -652615769   365762420   -898193553   -766322225   558062446   212285434   817316861   -366249221   4274161   -310047944   -822707595   -8755191   -34362770   -577637968 
-988420943   373404457   943331699   136451937   690239952   -666206679   -894850846   985456359   -518561539   941496778   940249509   -290782991   796264706   -546421803   -103331490 
749414670   738828588   -357786250   -538624047   369206118   833058083   372202241   508008878   669460787   870555006   968962231   -425527269   -382568799   100861017   -575193118 
-418132345   793210292   -788719708   191864115   -31260329   430550826   -255180779   -238411715   -380213234   832883261   -1706979   -377619779   700995664   -441058763   -169267426 
-489948881   516562031   77563412   446200439   -754073683   336960638   -279429795   223340006   -712143358   -845648887   -255105338   864862442   184480015   539633108   542167070 
-905919781   878948669   922482232   -426368506   914912774   568585613   -462644415   -567816477   584827974   -20670293   799015275   53348432   754792162   -226586601   -144150050 
-240791950   834486397   197138052   -622404006   -894411036   -840504528   -794337583   -413162873   -368349553   679986946   -909589873   731462812   -243258028   254732758   -704549156 
-934059604   317377299   891208768   33191381   -99592407   -274418746   -79159168   -910090173   -244164191   978383733   394463702   246698940   605883801   435541055   306366665 
-570539801   361462517   43449036   65101704   -195335496   677553137   733471224   567030537   63107912   -273941563   586714777   263949856   658227002   807912073   -558465942 
-448512489   -664107632   -526507681   -538943733   929545124   -633825068   42508876   15568642   -362154328   -789927018   -666828726   854151270   -98657838   -234667221   146986972 
-974322944   985141355   -706787457   -31510302   8590244   148384008   -112770580   -823934971   -162344503   -607099030   684693240   -834257456   64351105   -806256204   -50704462 
19580842   -445222411   -597152094   856809895   226582253   930835228   768767896   695426991   -690454723   129946100   -98365976   672924479   -686324692   760649343   868075988 
-776975005   797622860   -174997027   -719136347   -771312801   933342145   -369760069   -374481909   -526226020   951904364   356020789   40506853   618515227   120513921   137940436 
15
-614275680   -920996998   147558178   590429188   -705968637   -513823608   927996059   932220755   -832041710   -319682449   -871977796   607135731   886069991   412747366   832622024 
691772649   -108508407   656430547   -852253888   -437625288   -23845749   923586757   892382192   864752865   -368210167   -233870685   -28352690   -892736092   225463817   -938534726 
165547028   -482442553   174637491   645837873   -624802890   626617460   -508355856   -309932002   -156871630   396190169   164297939   -292052432   -581795148   -979756811   -193367144 
873985342   -913355794   852119298   -445875966   -658931688   320485652   832861477   409318572   44705801   -956211740   964061579   -443947128   -504923844   -396619201   991089242 
-340806219   -463045739   338124199   814871692   976338772   566083040   620253938   -369521233   -62651642   -266288235   482524843   -284380291   -695591878   207517802   57656514 
-205509483   -518659551   -221105495   107314867   634236054   982975930   378082337   -945036222   -303391315   667895189   -348131163   872060871   205974729   -320603634   667277616 
-271470656   792991172   -156509655   -159222847   678447168   451136142   -986195800   -916181114   -990055564   -765887625   -764525564   493188180   -868030090   905702418   569280702 
-702874739   355182814   -979623761   -889920525   469198949   673257089   341496795   278451779   21696040   484545186   139250000   -867162599   -331702422   247619734   -898878114 
652530928   159055355   845124296   -10125327   937182   -109736997   -131137506   -427904602   292598390   -186752028   -56013617   -41717605   -12512354   218144396   -793428547 
-578778578   -610454775   528637570   714935970   56357295   472319901   -365411770   232879566   -818982243   -325657304   -879617988   313326389   838571545   234304431   -438442222 
-628827761   471754927   290902814   929380188   -871006383   494427019   -14270780   778414004   -926225462   290793893   -775549459   116611889   -998084028   897593511   799535291 
441816428   261532170   -477879600   -424890688   -704897742   -941304429   -616058674   930009687   558572789   -525446677   664369429   -103532526   87872307   -78927206   -915053269 
-953435533   576801650   864939903   -9605174   -442614449   352737104   8525916   401664547   -442372493   -557305177   479785236   478108940   95188198   -934967204   644521039 
812539565   729586047   628205517   213326102   692273084   614978905   347729916   927488169   240053250   616357188   33220478   871551806   -647112506   -731464125   -427368088 
-579230458   -283535187   -608932480   -966358010   451680186   -756567891   275237495   32242418   804028926   191152670   50990118   482970954   261566316   4873765   -866431547 
15
-630485539   277385670   984428672   371375588   -202990795   -185817183   224762918   -710263355   -982996729   839553377   731646889   -276055281   -40089870   -382356028   70534371 
-811833550   -260860802   885264466   -38334063   637732500   23403711   -377618641   162758546   -84334290   -663585406   890093223   -304683541   -390076839   -201716687   -467653416 
661449446   216001144   -338998922   -175267353   -357432861   -716241368   -698837587   -429988070   923126708   76280430   617909451   -332058990   -187294051   -260848699   175906849 
-115755801   -386934699   -735617592   -454784822   -389225446   577801194   424483780   -344063491   522009079   -951790067   -340630523   351952067   571339912   -417752755   -614646771 
114360814   -732509735   132135386   258774883   -410171422   773828319   -441817710   40365674   -666566614   -991615903   534492846   235628139   -759929774   137110005   26517736 
-587976042   -34269083   -791994341   -964099487   -232229089   -648816519   -888942142   857166543   -218775584   -839454138   -510790080   -572794013   281200215   -711391585   789027780 
580554190   -505642384   -519616137   856591159   -899319959   -297509442   129888467   -856939052   922988362   -461731014   -808323608   -387961386   783108276   562938188   983780200 
-763052419   54608563   -587088231   -884973454   -199954590   -502915008   597570521   -611855660   -787239556   781453467   -771905138   320950423   188147106   932601491   844915521 
522249276   -686561705   -900163844   804907197   349875604   -389481163   700865503   411074708   458566839   356709793   -409926782   -810507629   684541219   -34691173   507060347 
-378175442   -739443837   553703627   -272705190   -280155671   523248991   704027361   -994680777   -235054144   -731818758   -89884721   -389764295   -289642061   -691342194   -500356979 
16109904   442385179   -127176638   -316126787   886562513   -960660519   -713722581   -181106917   -802251664   -380109835   813480928   872383469   571651373   -445285453   184541252 
436094102   747119995   -552220176   -636132082   -211450709   -179306548   -240714285   -116487506   -657778408   -84621508   -393267774   -561453969   -246323718   847131286   653850534 
-319866703   278742682   311412866   188660584   -365336242   -6100418   -452296398   -845204852   -249240029   227088760   802027355   -200316021   -751150627   248279864   -787240729 
-768257615   446221909   -910557476   -802776435   -700190991   248294602   -762406359   -656825579   560867011   -839092103   -220689864   845959341   974951006   -763921170   -469602779 
434654346   -512637499   654764911   -712431106   -84384697   -127060812   -188581452   -43669047   -191370791   -459181308   -380848413   -781709574   277049645   -529933865   -927028371 
15
-815624935   -615565872   -716041450   -966230945   896822606   427852728   -635823369   -661373181   -274406042   135361083   -614815717   442970001   766258194   -561599553   -224436605 
-906318434   673640375   -242610179   -475518675   -291733988   616801455   10187342   769125838   251325356   202568353   152212818   983333586   759726223   888301121   -806077147 
-164765654   -360035292   -128527591   823393017   479452778   -644309688   -535883237   851116108   -772202058   741887310   -846059682   153200279   447347501   -105580247   -922404863 
-316352737   -676662460   -438361724   -739059875   -584560919   872064652   -817645563   157722114   -758653119   -814203382   -417603237   -490505407   -735766395   -129026037   -267030465 
-169626119   354556409   988687428   461164510   -737787473   754365222   580503464   -906966146   124477011   -708888547   -915219398   -508006078   -27331677   -337737616   -941524996 
598510995   -246321338   307198783   -49061150   -999008388   -296526800   367003659   -328330853   -502264809   -797074984   -919481173   -688616478   -949321032   197595467   659308794 
642242982   137976627   447051822   182549565   817057858   -569746526   271501045   669859492   -955894470   423322746   -937636450   203499342   4626721   14291017   -491676812 
-589460560   -205632107   -608289130   959957712   -379952302   338368664   -442807164   428088808   -255860325   -464084751   886161335   837036340   480947291   963803296   -273262070 
11628024   153655524   47163455   -542788582   968992621   -435918233   -994299739   10601468   -243224377   631994533   754632156   237325008   -494388180   581445189   443616027 
-375090976   503354580   -121300318   -445888262   32226563   -40884082   -718322997   95682257   268601261   -820756048   -259979250   865300036   -261577990   -914684787   -280247656 
447606943   -203022487   -89526798   760439530   752825496   -128232972   365424150   650302554   -793597723   -535732911   -56995036   -529713849   161879593   139877792   -903640630 
701012726   -1105450   8946863   665212391   419959635   -389362698   -558004433   905766194   960040688   372672091   -450449505   -777195833   -555686817   749074980   485771699 
887826413   -668683738   347660226   146537474   -75187193   -540464677   -585945223   -709555294   410863283   729783609   344216979   -812627036   720359534   -848605527   -291292730 
-704925133   -17623462   -493727747   -352222249   362686429   63767137   -930806408   -19469477   -340425508   -911448731   664351946   -916653070   -423597000   286208651   408880437 
223511336   -862593309   -542537341   -192842290   -564329899   -19785120   -335445218   964098770   707130058   -885716904   -698612534   720969304   490954056   917856075   352081569 
15
527312233   482219653   -435906167   -569181863   718400853   -574633996   -125891233   -292049329   850326599   -187574687   876389980   -2531364   -998315965   247170868   402332439 
-600981771   796115332   -846238349   100357638   -198240240   14697984   814741131   897444433   556837597   305255681   338080700   -356624839   358989201   -121191852   -402858580 
-366280798   -419646722   751789671   398711167   -146899973   468008699   316385499   -357087022   697107653   -910708669   771481669   745401645   -271174152   488334050   -775536744 
686592053   815520999   -857331288   -892778302   96554465   -905637378   -169010982   878483504   -612089155   607720587   -522511158   11799393   -644900646   -812791777   949227183 
-330653592   -199421600   -562281527   74596562   821283002   81835213   698755673   -117013346   -445495978   12421834   -651504031   864571500   557662256   -518723615   221159971 
178902269   833551776   -467404591   5775963   101988890   384266889   -404150103   -278638785   83767359   114455247   121789326   -908408390   -628285283   -406835862   -877831014 
-71674828   693772909   -833663259   -538709978   -134147652   582298849   -911512165   995923366   -304348139   894226150   733944020   -824086339   112769695   681884344   358027257 
-848617741   658112373   -630863174   -383884847   234366656   -210820421   767998280   -91119517   -639643160   47445405   -384236411   -164163813   -616017658   -624472358   -809714281 
928740934   -261862568   535619469   -237299842   -939383306   -819818100   904158395   82754020   -258746717   -845170168   -622191639   3025662   -893114117   -508163237   -754722279 
-637082851   843693564   -294967254   -205036197   -94306338   -500259364   -463658652   -781010383   589017586   577353004   714910025   -923089849   -62121246   -87641856   949323542 
732431881   -712085267   -295551765   -166519218   -840311550   585651522   976568750   -236234850   -719178275   -525459177   -175009869   -258315821   463007065   120246917   -289719198 
457091359   693864531   -525604440   -580429243   -569799042   -614400938   693525776   -812095635   716204336   475032868   674292570   -486453050   685390211   893343939   -857661620 
-947301959   -918801251   169365422   -242127491   -170498927   461389975   954930553   -603802190   611970448   -624526530   -311564017   -170395764   -858993367   -47923923   -818053672 
121745204   878287425   343358996   815150912   -768299891   -311844373   838441954   -315438937   221455928   -520813239   515131675   810442886   516606443   -739034710   166978490 
878891303   -199092465   -370082748   643385367   -675283914   212068318   -564458862   728356857   -612974900   647576371   705118318   832523192   -135243234   916278394   -202459878 
-1
