15
497051851   243335835   956555604   -502518812   -58535902   954659573   386594048   -381425292   973380148   -78029545   -24062921   -10802193   36013110   49563816   527770603 
950867540   657708864   91728333   391524550   146834556   854491014   -968410559   -466006536   807948726   -968317292   -957891985   465200281   459506062   -307462323   -950073330 
-999476729   131889125   44976154   670065066   -18329987   287192499   -144563806   -415069279   -403979012   888776699   341587562   -861600373   -634743120   -640243975   462361308 
944653485   131061149   -722124698   593323933   -232367720   918278836   -512108268   61129184   771301422   760670804   353937721   -200160059   -789388370   -578802102   -729470470 
-818552904   -234459768   458810383   -864436650   300166716   -676738933   856337879   -912959796   665560548   425298792   -929183042   491185973   -14554849   47104713   -953121629 
371530934   84172446   308404901   965069459   859185427   -894487332   351189964   -71182312   -596536929   -745812836   673077665   594680871   394868457   -593319800   -603122470 
815183667   63979915   301214314   710068560   -772129346   -951742152   -822511150   737295649   734997156   968253214   246600940   -128204827   435047400   863109463   -817418555 
45128403   796392684   -647812581   -660876944   -747408774   -731036506   787449125   251780941   -660781939   -756477851   563546472   20319397   -244331681   658328256   -686106816 
989399140   -170896723   -764827658   588146678   366617108   112224130   -526201547   740425022   462403563   -667740693   622567020   -765744164   785835653   50288095   -342799470 
-158194133   80066369   962628500   417606929   -926390445   -98552080   -6446607   953840943   79169158   997467614   -892587808   -286666461   749189354   -97387074   -876327013 
741613022   -819164037   89605126   -702200308   241623567   -21357095   602887333   -438647277   -741913722   418459067   396705914   554620345   734972815   140693744   809589295 
-583597383   837649130   -164896009   851398930   208671894   912204342   -747355162   -645563231   563194926   -419361141   -577068987   -985803358   -603254041   -616771265   635435121 
-474919640   -783921013   516208741   781850023   495011852   -546605794   -500993804   -36829235   831366147   138618473   984996897   -18460444   715774672   463307987   -478837430 
843794331   -514514192   -133131328   98852598   -654480445   481367114   55118356   438381226   127348326   103832646   489779406   129185301   -626036112   53062994   -815985693 
325945784   -425926133   121674871   702002493   867709454   227487526   442736693   115298600   -79495195   630985179   -122372084   -424069350   650996064   -512315374   -419825824 
15
409624519   -276903379   -283934669   -857096410   -21807854   -246444954   583359608   -844797597   -89534241   166352269   773571467   507455180   -487796295   -979437306   909298068 
-763707340   509066487   -743231547   886573857   -773488224   7010923   -373673944   -184144543   417851392   322510360   -127073805   -723039449   810693032   228595541   -890079731 
-652575607   -677707568   611688604   951280644   586159598   126108328   -760642782   137288770   598000322   -807777091   -329673105   695397323   483492014   240646059   -330643580 
-703564995   -589240532   -584869277   272264056   348610196   -338762053   996436164   242860866   388076106   750506811   -404964635   751859373   917308717   -750153388   -279085163 
-190898686   -201542336   -230942361   -699806195   -129075604   975546108   197214527   741650142   -604180133   -774373286   -588756875   138589773   122567234   335913685   -902924793 
-590972489   151885696   895901046   -982276684   -249806671   -861526203   -938747871   236729519   -813196274   -712662973   -917454241   559165523   -851143643   942699090   364489999 
235831883   289707555   -229390553   627559951   909476717   742855577   135368602   803786387   419714621   106592863   916721596   410322729   482391412   -851328928   547549185 
-27200650   -343453903   -136576670   548749369   -124749026   -595197325   -224283642   -207392891   -565430119   -407920741   644422128   265909047   44935278   -586935911   944248952 
366825794   -148061277   872856157   -219711899   -134629900   -662186968   895501947   -122092802   -273338121   -615287158   759553630   254061663   181261647   -90136210   64719013 
-252973557   -15708235   741932081   749974163   929963768   -842215378   887730318   575079037   -783562540   591539124   -946951143   -817317610   -734250423   -132397148   -638495429 
-395212259   -803372349   -63501847   870010140   -774263390   631991319   -658776991   -731333376   597410865   974926767   -622035138   -893696045   -53779296   -770531111   581242832 
-585065597   -168911447   892893233   832517442   240470584   -506015570   848844136   714120258   -48152888   376162825   547071601   655032028   -617652725   -639842713   856196837 
699696540   -681079388   -412393813   -124088589   145507630   -285338702   -853061979   -423474282   878154256   683960944   174822556   221997298   -75216048   -117016669   -106919465 
-478676095   -946568772   -494432541   989285015   514354540   973925690   153977126   966649312   -407159891   767234985   107748747   -423547871   551102725   -584234473   35829087 
-823322621   -475073488   269277101   -446636341   820154824   134151189   -678174602   397135190   29545502   230574112   990698807   941268182   569040573   -459509526   -757024297 
15
149361782   806325106   195486164   49520999   304124540   -617898121   178643518   -422174708   524788831   -570611463   -205302847   -887103783   439229682   -597456363   -214314425 
360226440   325124267   217507693   -463546089   234945507   -740657197   -821900039   568397532   780708505   -792113169   112683381   318372322   945488878   -40759161   580034600 
326002049   440371707   506223054   -117684686   -832228650   853308209   726803327   290879735   -943289730   833383183   222360719   -811354576   404156839   157416874   840254224 
633482132   -521469882   -807588763   -74463567   -196510539   -276422262   144203235   950724466   11203464   -864749017   413074376   438024372   361736276   -291912398   53308014 
642434126   278615291   311071608   -368284968   98357823   755121478   -778420594   -670794303   -638813804   -577395557   -8424726   509173331   -418572617   588175623   -654071166 
86605166   -656570163   961780707   163180225   -265849183   -939241099   -811024434   571210857   332189492   -856236073   -113566732   -338695048   731988282   -663387818   472841265 
706826798   -185828231   713500406   755996831   -36248852   -947722930   26557590   130273944   -400947102   -896612269   -118206522   10489928   -286555249   -108254418   -317634260 
-4999681   425025544   -803923639   -593785816   -655049073   432974531   248164049   101370868   -492435085   723100867   -518046629   195600050   -596265631   -606837633   221323316 
973288873   -148017926   498313463   165346423   7414897   275953590   -428138062   -525333451   -225427827   18330394   969938091   427936651   18811483   930330716   941580412 
-545727294   770814983   409033258   424393122   -181913317   749635984   -381301540   -623131617   11188701   667573210   805938239   432965229   -456959468   -612251873   607766713 
439729963   901483574   923478072   -773184987   -1597297   527963025   -782148255   450057504   175019976   -437476066   -356853998   815397907   330594921   -783113938   308432570 
-260147796   684084366   201721393   847767819   131903789   557763623   587563779   485898182   96397435   915840954   -920125625   -401312629   374391628   17114916   198465672 
-347538879   -582048734   -546009836   -78809466   536127280   -843052743   -285035121   -258019220   -758545027   -774253631   -959117910   981623251   -942544132   -66371987   -474412784 
347379945   -692109471   497257445   -130233134   -631937412   -945492475   -72500107   543831682   876526657   291295696   151112804   -733077127   210732349   -143309956   -237629800 
-612185471   -188592117   823538131   -633335592   312463752   -906239635   -733199313   -848948533   -68959638   -74580758   -644670920   876029594   423706647   -161494293   -746691112 
15
370437098   945543991   37228772   -623986720   -702876117   -892130783   -469392613   -612919944   -776653631   962895361   -283534344   328300311   942568896   -186993106   -214538085 
-84915932   267458721   968556948   -859578176   -946886957   -901579415   313217597   -926791806   99079678   -684966467   -846697774   110024100   652622026   54414241   -157073307 
761656587   928098358   -442630955   -646042110   -874019650   952960831   -228376789   945044291   -771898839   380171070   -670635958   -132295174   -200645111   431386178   43300206 
-725551815   216890233   -277915634   -89967637   -885319981   682416936   -762470805   199162192   -136107057   395293589   -447004901   -232273763   902320758   -59586583   755573453 
-193991194   261607214   55871831   53287788   -588573196   857947137   -945782469   -987627037   -494327648   -450778976   218450740   -394928957   195654943   773616145   -355242922 
-982767982   359246877   -452744057   153514781   901751180   165681092   -630739598   629446193   -605344254   -856680484   -529269704   -591561287   691300022   308959889   -529943544 
-699871268   735267602   362372106   61112048   -359424105   -396154454   -247088972   313925433   -373226944   -392500376   703223504   76938021   -86340697   -859417513   -40469682 
-245539174   351963182   147548360   -683291977   -824237651   -239631853   425651609   710364743   -247967503   -888410913   972824169   -153267243   797817518   894175264   -786830259 
-669241987   -337600171   183201760   62112428   17767957   -759665169   -196297450   -128271317   -215286350   720637266   352996040   990528837   -691184861   789002524   -253640095 
780075186   639264947   -484078437   487142850   604013033   -815396458   -858159876   -136686596   666698057   -34211496   690934558   260981556   -375569796   65869399   -84077144 
-430818913   -796474652   -54132351   76178203   -778691610   -284091809   -548844126   -549031416   628905396   701349530   -902439926   669382637   -39739990   -310467657   -890762819 
794230281   -246926229   -525506877   -431955655   796531887   367286344   633358923   -907516324   -824365604   480571277   -36931929   587631135   -674738281   -685936495   -674999443 
-752740983   -469582335   324701953   -855637727   -257980423   470597737   -865377997   289521230   -854231145   -726845398   739080579   -338582652   420496303   175768704   -791861208 
-533355602   -263671681   -249488515   895826141   344345718   940074040   272521605   348836116   -712924289   155347678   -668126193   198171895   586689245   -335295950   -971522078 
-337540482   643738517   561706383   -948008936   -208788780   -238268450   714586737   -852664960   385332938   366323166   -823136847   -738260253   -386784526   638622860   694618237 
15
635483867   920940634   -105182758   -479660075   -129196974   717100242   -449120250   -372090266   936974352   876880604   684135041   -534822853   -156998878   -31189599   -304713427 
157865725   -452260722   464195635   -652011793   -186136878   -506835971   -312215391   -980907620   -191117740   645456980   165661875   -300739977   -873633010   -418193254   538178742 
136656239   -662225949   840606539   488738820   -808223262   785691603   -997179297   524987467   -207454662   839908945   807714378   -922198417   -421232481   478588759   -892785397 
-427483444   -957471975   -751968559   -636204672   644279416   -18287333   -710546430   -677828520   -239854529   286541491   248016142   51192544   137741372   -409459917   776733179 
-826215498   -576090494   -743734162   -437630768   -874301654   -64039108   174660122   702271852   717336984   -83226217   -869386945   -793749995   -602865284   -917593907   607255208 
-517849777   -139753713   -597957254   -967723426   -281503146   -64941049   293737686   -724980503   352447747   768803117   -295702721   -371669443   265922261   -821796703   -253012141 
-546182593   169633761   687607453   387703787   313915579   650161903   -375274931   531914748   -246515992   545125152   923043661   -180606451   -548478807   812394029   855890642 
804786560   452463456   208996880   349120631   -93983984   -137209332   949119880   -203194615   934549252   -468836047   -241816177   997181254   973321165   -836905833   522863169 
-819045641   -251920027   -491950847   -378539357   -477281365   690304656   -475793279   89796692   293712962   301398170   -645783182   -510379132   330451166   158959391   -118041947 
-683546416   355776124   -88954803   -200364408   -755116545   -361196953   235651198   -754497827   620052948   -612813307   315190094   208791140   -198760927   449692118   -793374791 
106263282   897396168   841461881   678247058   -655168993   263466970   -300068719   850333664   476987705   -198829449   251346187   -199186568   -587651188   927152962   -455457417 
-629147154   471554039   832413975   876296716   993710520   706212353   -850340065   466611743   480349994   297443383   -530311995   480371271   -399581762   611492036   -821471836 
-588312943   291076715   -808084244   766653404   -564404955   -66397074   248852688   -536605144   583671200   -602247745   -842101713   866377517   -51398609   -71964805   990497183 
250958065   -87026305   -100433233   624861375   13088048   732939453   694029466   -419294942   290397617   899518389   -798911052   -533530518   436828358   206039029   201195628 
853079421   167601887   295232064   -888439930   -381325523   727508080   106648850   424257964   -372136527   -624993791   380329511   -905642264   -883115871   863548574   824594480 
15
30538641   963150002   -731225882   201381153   -429310451   -629476017   613876260   -19355462   169527026   -137063829   455389923   683727661   -762531995   491749037   644494356 
-197296191   -773375325   -322650518   -834451912   -196553534   617636501   -965204655   -264726924   511247584   -243903172   -156567860   -986711059   448729128   -644145399   566762608 
115857444   -432589649   -118985096   868443117   -895977523   -946542670   841522806   458746283   586352381   688652831   -497862205   185188640   24489453   -914615006   553484743 
547287995   511605624   -322714515   -463337003   -689567221   449999368   -674680699   558896407   815146329   405306860   503861987   -137241617   103899127   -913866915   -788225204 
-348052011   -669136148   -114436504   -948285276   840390282   459470983   221795868   440925666   593759572   966627528   -581780396   -587417601   -160311321   527252571   -891429538 
39249615   477644039   -311505044   121766935   255350956   -314812074   467729164   -246497234   864560340   463576352   -552225244   -657535463   -643976334   -723260840   109323884 
412188643   -789402373   312880341   168236542   -765817692   580145214   981599929   823808429   -85705250   -528493134   -292542304   -639574214   -992488658   820447351   5286608 
-853851979   803687815   931608492   226285118   -697342301   -782328898   991191023   965251639   -732149525   86628794   -273979945   -199429191   608660850   734200943   545549869 
-143124706   659846189   -215100657   -502936530   243283703   -125690216   123617140   -702745926   175877756   -909193246   -604312528   -31506561   591757968   132690090   617644818 
-872592365   804351892   195478451   -631941526   -702903122   981030267   566720505   553315573   803151090   -416601312   717798630   -601226798   -471131964   754812124   181051162 
-455384546   -832730726   162880595   -261110127   735135244   804072969   377460676   220419223   -465462601   617189470   280337720   570765347   370520953   -134326087   248416376 
93718135   683214718   353010761   475162492   650695046   536011800   -927101215   -789116907   -863112426   -707092993   -530516351   -89121015   451810386   405322346   -221013226 
783193412   654734967   53790866   -559784211   243821588   194329064   63984440   907866621   717662150   988354175   281596993   -295743673   685322624   -772392465   -508530349 
71705684   544147955   -607935956   688814741   611544489   955346851   833588880   248750657   -660841185   747870626   -181332306   -849280967   -555964957   -250678889   354132912 
158479935   308901634   368677039   590092056   -429870268   778367672   -58814108   -875158399   -31790540   78921703   888962545   788776757   -710784404   420524863   652833321 
15
-756940750   918494177   -858288620   1350814   -470394958   -812485999   -644545189   322046030   806322919   -925345281   55013574   465606632   -494971160   633316511   -990358695 
252248728   934644220   133177061   -793275253   323152985   50498053   -627569396   563186061   -296678195   268593217   -999839670   616492004   991767544   663246045   -147800939 
426695957   398793810   -517595121   -344067454   173875644   541872227   752295898   -151856603   303506481   582366613   -751087687   745570368   -184082696   -988085340   -2815639 
-719477674   -581525561   906572008   -101024683   364665281   -631630952   -90258752   -507049359   785721383   -486162880   -633637813   890560468   961591161   -317562943   -567644947 
737989752   978501702   -529139118   250975565   -328140466   -198857686   605187125   696833843   -762341230   933094578   848180694   565414339   859360274   -760172746   -156219597 
-124152641   -690236589   507361923   -921411504   -925332498   816978483   701762525   -898885433   422596514   -688165016   -461377440   -137477336   584089979   -96639573   -891531829 
-739042780   825145570   375886503   -8626606   -242464258   -535630549   944358563   623909102   -367809312   -856114998   297602380   261496098   -225754865   -102363071   904728572 
380519222   -839057310   163487632   -282705993   639643966   -645887517   -783576876   -521407516   143978558   799443485   -847013295   -404249606   -141910427   -920221068   -544029797 
101677709   263236883   -290575915   31979122   -945587769   -305909865   -582070984   -415477938   912911264   425494379   987992813   453630755   5581425   -999521134   270009909 
505242919   -706337552   291767523   -673166460   273517219   -701585324   -554826032   724729004   162330120   829932220   129719898   255078692   -828725687   483766086   996546704 
-891156922   934612947   939482958   908785367   -520534229   225628046   -291813880   -371063595   808102970   -538851795   -131769063   -453018533   -983154301   616744695   452291176 
-106685324   239501910   661722785   -307910027   837619513   -986538183   640906230   593098652   192449096   90844126   56987490   -697776071   818253287   449087749   -447286264 
972800828   365433582   79249857   476865212   524251451   874001550   448242982   -819056776   630391739   -317362274   -448684290   895528258   817923725   -450448067   -400613158 
-843602029   -771217677   -103361262   -485591811   557007122   249043162   -254266781   -798277194   670840570   229548159   -786481980   34551119   -548374823   -851047758   23651397 
-108865478   -784304013   755475670   53009440   696454191   -330603646   -767589266   -254985595   879919323   508413536   -4027747   156706290   -142358007   -139346377   992275137 
15
885604268   897088549   -658529234   963237500   -629255940   -208776885   437304866   -233764694   -737777625   548985913   -395600578   890108356   -355565694   -559696628   681248464 
-249165835   645390403   -329343060   -995589630   90228919   678104   -475701197   463429283   102522139   -607257134   -867370124   -111826631   455581208   -655581200   -521957425 
-203933788   -250592381   -345230322   -927910297   -111503139   -445818027   487708602   518514444   634700589   305776307   -424744227   -721685539   -389671186   703188262   313195680 
289296605   -525248275   789254998   -73435322   -112669694   139822372   952654623   501055467   686361984   -253702979   -770643188   315323790   350729615   390662632   -153994483 
695164790   106977945   -748525284   768651564   -111090664   192472363   442165574   -461692856   802203879   -634693362   -604368636   406319366   -328520706   594261433   -47631789 
731118746   -854802702   -858167502   46371711   258785664   681984753   563392382   -110632693   169103114   -565771693   -892537771   86068499   420061453   -128724645   -126753950 
812407711   -356771049   -649085941   -358759027   -877927117   -73212242   -383344053   714485109   146433459   -896805824   142224670   969728793   373951272   112263110   630244433 
-999114834   -874781462   954198164   915799278   -431451045   -8175482   755855837   201147779   817384910   335929258   -809008801   -783428388   -242996569   256882880   227889188 
815424706   -127305466   -71686256   -565176139   -444012917   529792381   -127438116   -112446616   -491602381   48987572   983754119   615905123   857256284   144275993   -999957654 
-769688039   -444224104   -622252264   -769302131   13438171   88891268   -756860043   -837324625   496100356   296655625   524583506   257262970   588999980   629009187   -356945652 
-102267042   -138637459   -815502529   -805098651   209331912   -488530937   -618382967   -74848532   611625359   -110583821   129215492   777170479   466953906   -460620225   744179604 
-795547393   -8267718   -388245715   -223570797   546890050   47489107   -998153722   383252277   437234142   -791352566   -219392519   669012178   -75128075   711466506   989554819 
-438054854   829194650   -379566528   -702858084   -936653278   363384924   -521413804   736367177   659024025   751426162   -575013039   -936944220   340292714   350033586   727035540 
-972421440   -491368666   -105800523   814551305   -136621480   -405454186   -160076197   -347761968   -31624638   -501366868   -474365861   57743893   743154136   19092946   -551946048 
267402254   747660251   -853696071   695775408   578468531   -438949296   966698571   968096180   -641807291   91417759   -497190606   807740800   -522416986   -331794307   -615899289 
15
890974373   -464538804   -833250647   -387127390   261654011   769156891   330640205   876893027   675666455   419032081   746097600   371020360   148864860   388899055   -167207193 
354927942   242186525   757358867   726240045   688485030   697556915   -783675746   -471545112   406836795   940770804   -277618484   -566533319   -686106101   -15787260   409523111 
763235761   640119019   -467237187   727451155   -1258870   -68703050   -695198820   890949142   925614049   -855805430   228359078   -267673857   -915546646   -268190028   -691257760 
402186011   990505950   -94678746   488670271   -590556675   -336459657   399149017   -538522266   300830590   -226875588   320677692   -267610917   -317823270   -24560537   -461786819 
98738780   789345480   -128229457   -798786465   -9337814   -198420102   -406587117   -75439877   -171817710   212875427   -27696403   284997575   -639786257   852184755   124364826 
-545046225   -315040732   -230671918   314037358   -928300911   -452841158   -928083011   465568808   107486112   605330149   -319161534   898272968   494714430   -552902397   716688796 
-98470143   923680021   -353488705   312610363   195996049   -318241841   183499954   -938077776   -821155767   929061952   681177616   307968722   -758277102   -220772738   539396099 
172306475   -9928193   -100594424   526693665   135165793   -600047234   -38664866   -142969257   -28547651   272023417   346451581   -35607272   -266585357   -573701878   991480715 
601643781   -586058592   -411674744   147123607   -421771718   672019475   -801885065   -186540066   481106349   345008416   213572861   -54694621   912992933   676983177   -585536401 
-683493318   561703642   -636919088   -466432883   -564681536   -721571714   694238341   -293814252   291224178   -386659104   -739517996   -745132568   -346250056   -413930830   660297420 
991618011   -271601799   -909470241   573400511   -945781470   26153941   -238440301   945593120   852234955   567670734   -778520327   -891681396   -840401137   674607491   645649231 
22719139   -176543898   659329684   211025356   -428448262   -864227799   -29065956   288722440   -189037575   -732214485   111484850   632236375   44737571   179098726   -292615444 
817304897   26753456   631673318   -463297710   -861053643   -457188131   41695973   70944132   -862478786   -990446438   -994024306   107261499   60309551   -122589137   137105577 
679823282   962501353   989442887   238550857   -896384087   -121741680   -438593752   952150768   645650808   -208173235   -916271248   -599540360   -614649515   -812783727   517338751 
-577677467   -346395920   126052018   -513657059   131259859   -441908769   580836679   -460401796   686798950   -573518891   -331904428   -205909410   582755357   -720210929   238861567 
15
-481705186   -687697456   -841723980   438127005   846968275   -810762976   505812868   75852968   -794885961   405932429   -605136702   620951287   720450727   306202498   163774330 
-876825625   -160564839   -851400902   -831526459   487769369   602131235   -260070529   -939637906   -105304069   423807876   893099012   -518647889   201324304   -796575538   421323579 
653914527   -802783416   381180632   -58042371   136198822   413101250   -984397302   946433648   275253282   -237773104   -792335733   487616146   -652497345   -486866918   -881308117 
293190697   370529810   655306274   -933762891   -693097367   -653813605   -473993396   277818825   -975084596   373501346   439791543   -646600792   949613190   -135697227   465971808 
833074434   -753250064   -303416414   98388465   -566730618   570571126   -774201353   666915086   -685550653   -666399283   563657572   655063293   472179124   -799968626   452860276 
-98410648   677878908   -217546348   427700587   -200684701   -656396060   849420792   40801313   519120984   587076940   -375705513   953703785   574221629   -919870654   -737349745 
590760421   -244818265   173147907   793481868   700220637   -87150786   64235479   -610557265   -26404909   786154799   83111070   -873113768   436407796   -648298016   918606735 
518293101   -125437190   -915272965   650773595   820440351   225375160   56291912   -732070434   193137478   858957130   497464588   793094001   784151024   143049630   -517839086 
-472598624   982011810   -736370972   -328867317   658376237   822879476   781629221   603642175   176790961   -847561620   819602920   -764094845   646433496   617512181   436281084 
-954957046   574508359   184902496   422300527   -616555443   -961260500   -116804168   -525039270   -671606854   188416968   808952984   -463453804   488344881   88786898   -354841521 
-221022597   -647994387   709374288   433836950   543763912   686929358   508409108   153306389   237716724   515163374   -141533220   -322600957   397601797   -195479107   -517925337 
191406490   160164950   575229975   270643865   932167497   -91660067   -967912359   -802997610   -675667303   -666728390   244154275   82844800   619197664   587581122   -657175863 
-751030065   -942671121   -458472666   485263727   -859350835   936507537   424871560   37477554   769591531   519262163   -369764676   993622935   632793868   -703998855   341920430 
658106773   -290415240   -321615238   753424897   -927687436   726667105   -864896370   -889161573   897189173   912681557   -406541734   424360279   518170983   -695699623   -824064169 
-676580935   991221278   328076265   -625574869   111475479   -62074009   -835423779   841145819   362228941   302240061   307383774   406177740   -277457910   131882644   -853598630 
-1
