16
360428332   576601476   -917396385   -749099619   981417926   -984695693   -192971024   77227677   365009793   809436341   -347033935   940708106   -952764098   213466245   -870526065   -23081475 
597172483   -627648082   -98852140   -664523100   -767454375   -236901843   -750669474   102440410   -749052094   658278316   -821035780   820026819   -193408547   207170144   -136142574   -273619055 
-310545629   -493260583   386398267   308412175   -766466135   -824610993   46295621   -160325597   560369750   163291363   928933772   972526154   -461295624   -236697813   913581359   176712632 
948043754   180967802   -155886061   770556721   957064863   166429713   540435800   -963234500   -152701561   -808902493   -109041627   -309384416   -910718023   -870294728   -257675888   474203304 
396710102   -615080572   862565965   357164799   642489070   73052121   -970527310   548082502   99491266   -497243837   -304516013   -955094824   685939198   -498829087   541381960   471886244 
-896807682   -343910025   200424417   -354235409   687044807   591842475   940539664   843425174   -394876839   -356118030   -808993945   -850827358   -181941791   -215735464   544249957   -840921258 
-340662257   -515621880   -466503460   980424692   227495109   -648949960   -738325052   916250253   590497684   228746040   -373952883   472894031   -895640918   510078333   875195397   -544403689 
-986131709   -138793826   -615803408   -765398447   41944867   -304188241   554384463   155026948   200645011   280166215   -139740954   844370018   -702679569   -339474954   -65795539   570450064 
-104785954   -454375030   445900817   705454173   766189371   -973113051   618639685   -836816312   981508745   -403409050   -470145133   -846406389   -393409672   -800787294   -947521111   272702391 
656290189   -838156497   12701019   -442824422   -601545971   -245687571   -133947373   -802888595   -139188014   923487240   -770159604   197591649   -876841291   -948475126   257406304   227205332 
-301979641   933840511   673666331   -78965613   -623413625   563763062   789002254   976366462   -857896825   272630068   512047212   198330672   420391604   -508976878   998755073   410683380 
598873631   612332044   453301758   -892461512   -433578398   -296140709   -54836978   956774966   -953316609   -828519422   -517439349   149734520   -169515532   -496753096   210701909   658348874 
-844922513   50692592   -380126363   208349951   764996021   724637989   -960832985   -473646599   -439138314   138160574   -84735159   106261976   739800765   865499603   649592617   -939060067 
-669285217   -680751950   1019322   -758559826   464572648   673831922   202001326   593722637   -837828444   345235660   -654783369   -861952822   -360508365   783030322   -713512976   -165191243 
-271768667   -275789103   -444452852   -95920513   676671793   -489809081   625100062   -378916435   240388309   839824946   -2591178   -834699660   557492069   549265320   -818797385   -780071604 
-605488679   871873944   -639241320   721787510   -892156869   -246331750   -876979790   885580602   85652500   184744707   -876370451   -590110744   -406573327   -544372680   845843076   602381774 
16
369956769   -403824228   -245149555   -473418691   889740994   585825242   -391200049   -792556619   384739543   -487907940   144102468   118213534   -429023731   -435980479   -233299837   990381825 
-845037693   -713507764   -77484106   700540874   -20652975   937605659   -399350976   -62497265   930002378   -884889353   -847217721   -209587545   -503160074   -227433745   861652962   110336910 
618192282   -253302528   -45556354   284129023   -191639398   -259550845   826258004   902713714   45868920   900964401   449323104   517272945   -121690729   -649017795   -419630819   63426113 
881649859   -986298798   -63780901   36945074   598047224   818104515   -167175207   201491894   18793878   866031650   -329673130   520366659   -935128395   -474482276   925077360   777660470 
-481729037   862622615   875721273   -273992408   295891369   673084688   149392607   -620947996   -258464641   152479869   195946459   630330444   -241614240   -768531368   -536684986   -175504756 
-179219427   -970977521   25005436   140118772   -32778341   870514302   975066385   -305846529   -723380461   472735226   -251164659   -751375911   987507549   -631121879   -87190597   647379144 
-359493494   -70072498   -928301514   -792761851   873332106   -6419415   -166333051   -933193465   -571680177   -123717229   -726168434   -909149709   942906563   -375631173   935439536   -484541966 
-728803959   -815867574   -465677617   -406767168   -215026236   -810898456   -298182   418108007   -235241515   335805572   -530962365   227076168   -929531568   218912046   -667297430   -92899198 
-686692291   -747013082   533996506   746626978   573566014   -194987556   -92010498   14977962   755932343   822116340   914524849   -404053512   -919280565   284834793   -846418463   -45210840 
46716255   156865792   682617480   -228538978   -884353869   -769512780   -938734522   295663726   3763764   333841323   698481177   -772739562   936416207   320109915   -945184548   -394781729 
-196513824   792446016   366735197   -229055297   273442706   -848287372   757812683   642633934   -342781634   -624699074   -695240706   -244689573   -150565566   365031645   112465032   -99656705 
-418952530   -330267941   -877007580   814014450   962797492   -742431146   667021462   839795282   94800581   743252742   -343196360   417486347   -556590567   -571678520   -218333137   280928122 
352729525   384098970   763136487   366308160   -684718150   661341923   -224317764   902261463   851852657   107691778   156184679   151074649   621346591   117920853   -331875430   112689599 
566472879   943847585   -860029800   172848767   89114737   739325233   302211247   -503557845   -26636602   952501967   -491658735   -415909822   -439714451   -684317607   394322645   796835416 
-330547909   297533403   -647937765   -450488974   13283493   290079197   -902409483   -333612584   600837892   464293421   181556584   845832413   -171728696   -228130775   618838366   -740100437 
-126426931   7652140   682007874   820875223   27519663   930403434   -962577044   -365655172   -217391595   -582374446   -886270159   -808936707   186876833   -594823280   -820561149   -599843330 
16
793233915   551459375   -732981672   -391797957   -747098179   -822949544   -834522446   -230627964   -46751366   577652163   -248340362   973320601   832430523   322817614   -868198019   397113590 
-260365127   829681336   281212629   763508048   455705085   -588902576   -414429561   -679843635   -203483560   769665717   -224719019   64402545   -778192160   -521624694   -405846413   392639592 
-542254111   242413733   474146191   400557475   899920549   -907232235   -128269073   -540108929   55762305   -192890825   994068924   -512585541   197790962   -581023611   -663152735   -583736272 
990850717   694012518   -945216760   -57014262   -67394894   -268405313   327040987   -829767474   -379350632   -914659905   140775475   -33138412   -685459698   732641991   143899506   860902393 
790871829   -812074776   704113703   105906802   -687273667   -680798051   840720849   -250033981   448837791   369845954   -417303639   -566305248   -819467571   -407464588   -381855208   324365763 
776045937   -203879673   -562279023   -122764789   476666734   381954969   -111370554   -973102985   623684526   86656067   853101234   -966840522   923948604   629145683   157395853   509844889 
-337808601   -150584235   -790704376   450156033   857808741   79304842   272257096   512571828   449361470   405862637   774127991   661085637   566291813   -633970947   284683111   -657376972 
333786459   774854285   -926522432   -780024929   -56511102   -890370163   895162271   696132435   -895945887   -95955760   452857716   967953342   31719491   64232332   97575742   677770150 
342457830   333472214   -149230095   -790992516   979914668   -599275427   824233391   523640676   594337527   -202510632   -270669208   767191083   998430426   177072623   540960248   442333110 
898092230   465022892   275336713   180427647   644879412   -260665077   -719488611   36296692   228098156   -564018235   -576956285   804951808   758762570   -400187115   223679271   130154989 
748242815   -763984466   298848959   -144098559   971476157   968766497   -594603413   414756019   477513253   943222978   535025361   -467722496   854604014   -817547890   941816370   -349609031 
-906074900   485987012   -869424932   -338994817   -749395498   347276738   -667199554   478829897   -348667487   926577723   671738901   -599873344   657077406   648990483   -431256565   -557250160 
812702774   -754499945   205096872   -683217122   365374295   269337027   596977905   130114332   720297021   -586857712   784069174   -474598730   -309980057   909763933   -908453025   -28005535 
-841661869   766883221   603501502   -780946660   951732989   -342488230   -524853072   747845788   398750221   -419014887   518351013   695426645   596870581   518439537   603305441   -721187135 
-529130523   522939182   684984282   486818774   663495647   160264805   -853164412   968285322   -346296664   757871147   -161576905   78546524   748768033   394030191   -23796789   -564189933 
-866341825   -408920191   731092096   212251293   -413984658   -177448254   986028716   478097806   -647388762   102247215   827999042   -170245805   -184036748   -328850825   8521936   498458389 
16
-628811836   -31824612   -865591966   -992520332   992751224   941723011   49675376   413051329   154956701   -984214055   -462847593   -634119731   -717280606   821311855   -953913562   189511316 
350021603   -491659515   -685968140   -311381854   -594740464   727370023   -552003572   -501904094   621827023   894834913   276413993   470848704   37538335   -21732033   728471439   493849298 
456901814   -705514538   -639245132   -28759775   860389284   233550232   621475568   89039078   -930246683   9178456   -748012754   624069399   956497663   920417401   -361367486   529125849 
-109745574   -154764092   464384909   -258358831   103329050   -390226064   928733183   571260265   489555899   -408996697   821560499   782956180   -693212078   -139701558   342938311   516868270 
-247123061   -259077677   -430459419   576891316   724101928   836488143   312005795   -239101105   -871181081   679220165   611907892   -949759171   -405467656   -957679769   67524155   -251482600 
349321310   711088283   141480173   448121189   -492452642   904126106   301750847   383128937   571398326   793597028   878104913   281260647   -869776023   -424425098   886276657   -519692076 
-354064218   -836582876   406642321   382119310   -222098411   -565692792   -116912416   -178480358   470498251   309916846   607398209   922605773   -383559297   88745302   834753412   275757867 
-171197249   895988206   -360249026   173039427   -688417048   -651202262   -989311160   -550811069   820241036   -492070096   655698477   -284731548   969185761   -213722443   373505987   -191983370 
574855087   299015495   131925661   -724023367   -551288596   -63844417   333985178   594986652   792016839   -992701528   410486474   -136478741   175409215   -166742655   241010617   -852686860 
514515232   603875260   -350024018   -432846600   -931479459   -889107289   654614043   -314368530   -497291170   213400011   -956826570   997048169   213353915   -982852888   700410146   568521747 
995724275   285245196   720254555   782557319   532861679   630750857   780040399   664654541   -414726294   -755551066   -896601409   -944095891   -584725451   -402898671   -538763449   654352791 
197726678   -254472478   741678259   -539907639   -639242081   -397505536   351713834   919711957   309276841   96871229   -599383659   -459503848   940555424   569988855   -114883   307763977 
94551979   189721469   -274026160   -786795575   65058230   -323053612   703514882   -427156263   950900552   -333314806   153716807   607561719   -847003574   -62242145   261137075   -315140434 
166706360   639087949   11770154   903282694   730181954   74685214   289272691   754943957   -19302644   -229179975   595660535   -245711954   -664667192   -648018759   -990945570   -850835824 
892584063   -164196852   -111956129   -756396067   738876392   -948142749   -894161245   948621055   -641020477   -291033894   365809466   509024724   133346772   83447798   -720037829   714608030 
833824429   -368786231   -332016720   -565188401   -10209269   209339899   -959726060   375078809   -821151552   845790633   -256202526   -792962913   640391602   422990536   751600981   542666578 
16
757391026   370098467   -26715694   -217983313   174896054   200607371   943663698   -95904734   -261693520   -610124341   -39076379   -236475535   -15818513   167202325   -29870546   128325279 
412037578   -702659483   -769953055   -394345753   -276575321   -696734150   -442502082   -148840736   -884641748   962720503   346139356   -66199833   762052775   981672037   -203531837   23766924 
-226356438   -76449457   186416006   761059985   -191579160   -988895163   283926490   -365346878   -241848574   557698977   -450321260   685407917   136728970   692373505   614563710   713935424 
-990437146   379415208   406718314   483832149   -35219860   -860098457   -836351216   51528118   206862907   429400208   480800271   479710842   318579224   -107305186   788050115   557319167 
458842243   -789006782   398497076   -412195312   -294856254   367918593   -190091220   873718315   641061773   -865167918   921072974   -942507939   604095397   -596038835   643238212   457756500 
-326130317   807355314   800502295   638165288   667082824   -595409658   -330480136   -395945688   -750287274   409839172   697417388   -738015312   103327919   536973497   717273926   84693488 
-188162936   -914068013   310286471   459885643   680938324   -295075175   839547181   363708456   2769980   -1442810   359414863   -704396246   155884946   -90902820   -448189986   814888580 
-340200658   -637551790   -400056082   50053524   -495427561   180951039   175623974   -485103291   -963473987   501899397   181805166   -33282363   8548985   256703427   297360741   113165710 
343439777   782349208   -532019040   -801755579   223422043   766764880   239213468   -466388854   -795738299   -136482078   -192787578   -365733954   -196553827   -405634059   -199502121   -186428760 
876796729   -740652982   -496603679   -198814835   268007724   -858524189   864934450   -321170061   139312757   334107906   -19883793   -460486528   -205763515   936818049   -596602723   -251706926 
-912919783   866877690   -695398618   747909755   63143746   191990559   587333873   812518160   -350859585   414185746   -398462656   27246478   -996598631   -249619228   136837466   -214869400 
494461619   286898481   -188951804   -319914672   756276815   -596140573   -760114702   826356246   -572617088   -129076265   -711639965   829138705   -967636685   -950981352   -293454847   185173978 
297449225   527186859   378220622   793434396   406274896   581943317   -59512143   522611936   167525787   -361225576   -622450570   423067009   45541452   -457609448   754802753   225000698 
444666159   -508951083   -599421537   382116403   361733113   858653663   -774797660   -163956723   -660879757   -290377005   567614734   -362045089   -10118636   53050305   553658522   269858082 
821118472   -77289847   -178881763   -307304592   205677   137118557   -538733521   -269482385   -415755717   976234044   -161531990   603086235   917354080   -396082449   -928995317   120894594 
-919749505   748010699   353499105   -608240183   -994806166   359891438   359864256   88622982   -396554956   -744395119   236232501   -960524056   -250109429   663772163   -225434035   -234029880 
16
-779337611   -864112145   -338586722   -725166687   33658736   -790924636   648765909   -699849547   966313719   -407420983   238604497   652921591   179865745   -771885233   181860033   -96587474 
-653713276   980254167   -96985349   755801506   -262513943   -917620694   -788293664   355939186   804826289   -653391844   644490746   405295725   156082703   -48455451   -623234583   186305590 
-74364391   -676169806   404247633   -665795788   -37890278   221687182   -566572451   655579464   979111072   -945323376   549766623   696593489   -132182741   -231703382   236205430   -304312006 
-534622229   -89870880   182062522   113161685   954694186   331404328   -546847646   -440919992   -634352383   -833772241   884219444   -491031663   285807706   214996611   -811092310   523889839 
734514342   278726959   -361540526   -330100230   -915172881   15534696   697664291   -240970924   -342541568   -521753717   820225310   746177462   479793117   16675786   -689335989   -961857705 
-851595456   726375680   324228838   -648853877   320530005   185837499   258348334   874438260   921307031   -220303293   822583065   -699803630   -34430514   -370954314   -294459768   -513357665 
-850271893   -122338001   -134079089   504723672   -772507551   -987770120   -241114699   -67198895   -374173486   812390739   644316512   -680368379   583219830   -97711881   618589902   553463740 
311756081   -116170996   -340522436   -986533692   -816127685   392482093   -306556938   516678077   892698474   -73019510   116480017   -924695048   710200190   -218778574   -864277343   -903972325 
658965980   -882302331   330192435   -239270599   828157218   -373820562   69906927   914848131   822237948   192388318   51793089   -482758178   482252018   -916571022   -840336398   -59201154 
-217096471   -939729613   -279658093   333133155   466431262   133163957   635863369   963507852   -71648977   586595138   -658148499   -824136991   500554143   816234066   134834674   898015118 
-667327934   116363475   -877302279   715093433   45502877   752565128   305373403   -971635939   -953286484   -509867356   342463855   963389439   739074340   -436569932   996181274   -885746498 
947717019   104949298   -319254743   480766759   -291932969   832150867   190090569   197088093   555539411   -659109810   440361145   648792551   -298451008   -830591953   -720497080   -208036307 
-643653526   381660525   902379353   -334077398   389078497   222390613   -265018429   112124759   -831269973   566559974   -66370174   44990118   -955475487   503031678   470568369   -791297402 
684546098   -946242599   211044177   579502159   11677476   176487671   714492182   -922690381   -814877605   663511017   419923552   601133036   200950104   498390573   753583477   638130405 
116733415   280979710   -314519153   -770544706   -452985788   -266584746   769591655   -683093551   373505089   347559189   -275883474   -122422848   558324085   735722191   454101321   966247411 
656828229   -940319510   402802938   598331916   128903932   -1164863   -493758740   -130882443   664748243   95479106   246706772   557750498   -409951909   -600338207   809971577   122907918 
16
-490234934   767430355   -6009523   -270981663   164856117   -386460688   -423378657   565005815   959499050   -802021934   -503513596   785266552   944334596   852891514   801192780   -218155440 
-371705877   100862475   87733004   582618913   691014206   539562690   274345741   -137782691   -531372551   721634536   784923308   572729549   371478287   738842804   30391785   798527933 
-307371340   13675280   -807250449   772672332   -334430343   -384655351   -11037800   622898274   603932224   814180434   561614701   -5777587   -333918166   -540998107   374160035   395848200 
272640574   -10547072   214874177   -132388791   -751360407   662588785   440212752   -351980856   62464115   -739362369   220608925   -585811085   -867055760   -948319266   -311066716   -359304513 
-402338756   651745529   -377805802   -867784206   -137269529   726745749   720122967   599018123   801942148   41462643   911399947   -32780809   -955973448   513705453   -87848979   -436548249 
-762617473   808369198   -112192638   196518835   222903737   686978042   -657360515   999930106   982642247   738832150   889714695   -775179002   -51240461   768220526   329854943   439875597 
-930928854   -429849780   622384789   62168516   -201199642   927412553   -844686730   440728112   -481129133   -745775999   -844057258   -474917517   588028447   -940773136   72503308   -872579651 
759339679   561742829   -918554586   -579405374   787475943   -808079703   -34793875   -548770806   824593981   -495842980   815518501   658528239   -749276692   581017857   459812919   846502202 
-65375788   828597212   -839731348   330725174   -236007606   -68276730   -559122874   -319634298   -818187969   438791313   672686194   -31843037   -312253044   -347850524   -20461766   42606673 
-182699676   -517368419   -122474124   -7515639   586659668   -256202137   -605809407   -846124632   517524869   -39202057   -876980415   964231755   -160273864   877668051   -923119256   -16760275 
-486497779   -576977040   -563450594   431168776   -861158203   -128781770   899761680   991407984   -135769194   -369348322   854047461   887962110   -716313834   -191153508   -348656823   -909134029 
-9920361   -511805943   866538885   139459120   -545772622   130412615   686001854   304532802   422012069   186079155   493401010   -447977848   -451744532   -636859329   541582232   -147445846 
823454945   616043130   203688187   -501531320   -381298739   -509478980   953369726   943567769   589320533   -541228256   781805857   -404176628   -688562880   -79412664   660046635   66756390 
-963908008   -317440481   421195411   58324243   730439088   151638997   889268639   -362344522   -821830225   425413794   -474597038   397620454   843452524   280271912   180931487   -223699968 
80932247   -230216504   518390152   -621091876   -835660593   -237236489   527340522   776074833   -978316274   -803452618   -329332525   -364645860   -854875066   -757352965   79757436   -119976319 
-691803147   -167097167   -98627565   363965757   654959723   287114400   772908283   -866844628   -433045561   253285724   485018076   717901296   983165985   -57929258   896511571   628401697 
16
752670143   -833743676   -659452114   659581717   -42467428   411665695   -840669740   -313999   918639915   -632957797   80519570   -130942523   860171140   917581089   143693763   -854772891 
800573358   817862172   638834432   124209763   -143403289   -519525993   -860690410   206161189   859752443   983741295   804072426   669821688   373911494   -653278210   -199276435   222838181 
-269289250   -145337621   774713368   20079903   -278149784   -471332794   -674504622   489549124   -14454770   -100386297   214960299   -714887340   696994805   -734955578   323277585   -979658347 
-726409150   7858935   640916072   160777698   777190157   -198283971   -653928289   -906239307   -69203065   812266310   -318021270   -870890101   545810711   -233709928   830707953   -678416549 
-599911646   -988150703   -744024779   19209491   -806705141   -102403124   -703672701   16763391   552783882   840835808   752362377   450738698   -685153756   522826563   -234010376   548984667 
962711452   956274677   -800878622   139762041   142551595   -140513619   113882634   128232481   -706409184   -497858467   547018240   89376688   -222667534   -442992372   856880298   156344178 
233959867   687788019   132354939   -588178818   627018599   653046277   63921160   269406561   540493118   569700148   -767139509   -753626199   990775674   -680295837   614832597   90353852 
-697236738   766582936   229533850   -662867213   787801878   832519046   -931191760   798961728   -190048441   841419611   -93229642   649909671   860756448   337668191   874533922   -391419239 
-504162710   391485278   374295590   950172912   -969839137   317540883   210411772   -747505591   -854423670   -877432315   -900293989   -580860007   -588696719   108465570   -593655056   345742190 
294451327   871882481   594236346   -213888208   -347086434   -238270101   47866256   646827148   139098595   -550037807   388344672   -103095032   -161231243   -535542037   136273027   -443074282 
-902557657   837862751   286819094   -194094150   -681813802   43085447   260951022   581205231   823175964   313550330   -507268076   208651455   435123165   -465926775   969409568   -655159119 
506789771   517527691   -748862344   -611859721   584135089   -186743343   193725145   900174200   -449985782   -204459299   558385075   -597056636   -497774572   -718668875   786498567   518102958 
-475476444   111174150   135391975   970908814   -376809122   918170577   468141159   -260819549   -929558863   -881861529   -156858028   -540787339   504186896   868396563   232771535   -869758130 
645222910   173707055   725251148   -6239789   -132749500   -986176103   -708919251   -469872039   934704447   -435817292   716916991   32730880   520864719   -942302975   -453432638   997654193 
34866048   182136783   -460182479   -989125620   272580892   -488354840   970789281   628861937   -656270162   80041939   791580160   -588971240   -963730295   159708856   589474527   663915758 
290279675   540925613   438907026   -644306670   -395648669   778070923   -52071124   753983099   -281331305   -889764875   -337881637   961830340   -625301382   -794135474   589123847   -373589872 
16
-683464362   398539628   -861156403   -386816587   384903192   47085080   155036153   90247534   -119024417   -295656623   526669466   346668918   741551046   -512586547   -627839816   -193166149 
-510808248   520815538   913770877   -532087609   -172767391   -854506516   -416496157   -990171168   -832131133   -170542399   575968837   126221785   -840796012   -519001051   -583061385   471167393 
-279614208   -548031019   -324875894   -19929063   -696551032   -542506919   -931129570   634693998   801605023   955792085   -904502441   -322334487   597993835   13148753   -405048954   -259273349 
-437654626   -691173395   196029367   -793566156   553784177   747942780   -771605388   84681220   87473214   -464249320   -988904496   -809589577   752511227   -826097309   -839609282   120791658 
267639071   -490755364   -504512328   212474804   -337716995   708519059   -380114888   -730495672   -830254034   953627034   -962529748   -44519862   -140576174   -653523209   990908015   501322904 
-276103155   44648279   945721499   -780087915   -796894160   613776936   934485202   -141064762   740470215   -201460113   -36542665   -364915466   744652234   196584365   52457180   800312214 
-58009010   78189451   893063796   -814515214   -330931674   -452603338   -422709975   -596449764   -283556492   -658956241   -866191750   172702100   163293981   -889725500   -170326617   799097634 
915529142   64568732   353408274   -141964039   -867417633   -702532547   713159657   546785901   -30525371   -451627939   871915763   176252903   198719676   10716589   -67083593   156324073 
246937230   723037497   -418488698   715228740   355274442   -517268161   209844089   984234569   280514620   -273389036   -755382147   -796644511   840091080   -403637671   -924833328   -785045106 
321991776   -690114820   388549103   89151798   -950579001   977560512   -701587994   150328607   -427432229   363581131   988851427   -319200760   -324562158   -632455928   -54583523   -637700052 
277420841   69932918   -614189226   -690647312   -467820403   -927735427   -160476752   -611181061   -863454186   423373069   71807671   -935362787   -315275190   -27699385   -499907345   808441944 
828151035   500585390   -522740348   -859283136   -954664173   -873610696   -971010893   259487367   -1375499   579867072   68675154   -710612140   852092732   773161455   618628574   -995125842 
-110837396   -510690839   443979130   282404015   221351605   681172103   -962174362   -434701244   372299707   -818541197   59486212   -302599895   -931281468   -694867286   -115163191   -487428660 
423583520   552478895   -833182119   -665772141   392894190   -154378454   -884685195   267105370   -384441096   -51486052   483469090   503945797   -150792766   -916090078   -758084380   418368739 
-756005885   -246761034   -582777195   752745978   921230377   -292582696   -179207892   637927157   447803872   -697908856   -411381287   375791454   -897012334   -617587127   18308931   411195023 
249949889   972213508   809463711   195669290   -148853097   452543730   615899294   772351235   -860747515   -347489167   443370549   290559678   -654826106   617727058   856992817   119870793 
16
811147316   -143045150   -187520903   -881283793   515807435   909141324   842263731   284145901   304094267   381545722   867729342   452671300   -402068970   493149864   -135870756   -245482674 
954719027   -917768183   468900805   933680314   691667443   832292642   -746468900   680552178   287854109   82679550   629263412   -993443186   688574772   882482319   -804521552   -671073763 
895575739   493091918   -766170629   -585435963   903823322   473544520   602686210   -523159307   -626935583   364618624   708701287   699528650   251149218   -446743266   27349841   -613971915 
-227860637   587008333   -793792905   -435743048   -881553087   -734349017   -248466491   999487696   160179055   449734401   -357506674   109899634   -285465711   920094043   -58841247   432561698 
-758801243   -298895412   294367014   32065142   -472358240   -931503891   607738863   -991794130   -643702544   -516483467   956761800   -46066485   -710550148   797006437   241645486   -183024023 
31949949   300322760   -946436089   223078019   -187589748   486028053   235622119   412085041   79867359   127213867   120414636   -917057058   -539406769   -692617561   -158716364   947806153 
612027429   -40522170   934403768   -813442448   -22232353   -992297941   577100988   34864483   912873783   759684115   -660314164   221575313   251751735   149509458   -847663587   -596820979 
241221766   -219774714   -879039868   -137017022   -325788657   793843969   857693791   939679090   642584507   693620708   -271039446   18622066   107420078   -581275519   -359449798   -793087598 
-692153519   227164399   725755071   59613990   -417008635   919606780   -538281495   725583867   214527606   -237689537   21551032   659728383   -278397036   -396705812   416598531   -788633736 
-811440580   -301643185   737862344   39491604   64679110   -981906681   -269521742   435793470   -515176762   478415537   -737441219   -71510050   397266362   863437453   -492900725   -241934401 
781987362   -885842107   -759574367   -107396406   423927744   84485835   616628981   593161852   589501056   -90354416   250746806   -601843013   203242155   306899536   -932142677   -910827038 
921826065   -714354686   585782689   252159545   793926253   984978993   736249618   -184313617   -14096835   126886675   733371417   984942204   521706907   75548205   955428963   672309289 
-571709913   -3628180   284381060   353198627   -619239674   192724566   630005925   -866673148   -5244415   -815603945   815587844   -99510836   -471692665   -689790199   645121842   757771184 
-832615721   -827226070   -990000194   -286171381   -37339158   -530415807   -383801054   -183048363   -760355831   873577084   -109852632   107262776   -448707808   -567221180   -820596911   -907899930 
315935979   -938964695   474643428   701793615   -297783507   28616444   -292040906   -874889939   -815934986   303540938   866967570   75912472   -658373727   217238030   934500945   394132058 
-167579518   -173481146   591320509   897260876   932174265   648209090   -133882168   975636619   -431861605   796663685   357544284   455509998   -547090606   234418866   -725632758   -527287409 
-1
