16
876751191   915497154   404565854   699690429   297293024   459044649   691751345   -69218208   35565170   284225211   -269972352   948125167   -357810608   794206910   -842962186   651756970 
-993230470   -609599062   -62607903   130075330   -990790537   873469758   403116410   -278358813   -277365660   866480896   -376276639   529197477   823882224   -8825392   -759094382   -140538760 
-775099714   12346445   -93014919   117311669   -966515560   52222898   585295715   -573642342   -209266850   -224972650   99275331   542661691   981097173   925832654   859172843   891079289 
11668495   691861101   -575884770   128365962   79728363   95914769   -825401927   -611217508   -185429219   -746960255   -430902819   363261879   419289230   413350003   -705950732   -638580711 
-828239764   366764216   -857736238   -741906566   -41493329   -168914013   -503049183   -87838936   812978010   911472369   -737724423   -645062073   768474847   -997831891   784461260   84303059 
356736379   -491716530   532293267   -864905272   77886651   554189115   -545875881   -38549838   397124630   -154557033   -384323040   949679560   333286970   -130757268   -672059670   -420062767 
469400087   84327380   379780883   913250859   404950200   -775388969   338776332   -848831925   665988012   -840394962   -411853331   986516619   -177093925   -981154908   -477162591   423944735 
381161033   4066046   586164864   700066817   20022793   732156768   -182832012   910333558   423546125   -722536838   874562036   -529686733   522491757   886164559   227542840   261591718 
-511027157   296407262   -717452902   160217800   -772334697   890645787   205026859   846920820   -108795726   762474913   624740293   771682497   364797615   962235586   -196718030   -716553617 
-843834026   -338892127   818187863   601778204   37953363   159411605   -176626767   579037993   -896728257   490944087   570225860   -111003501   -820291340   -731005119   -781638292   687798077 
846265921   -585481557   928549718   -663760470   474243988   468854941   -579126063   402364221   -275034979   -235735014   -581782130   -360138083   943071842   -284509762   974800643   902750039 
395804861   -476508549   553462307   537329324   -986076390   217932844   -976489604   -208776977   223727784   -100863418   872953690   -646545704   37336507   610353652   -779898176   805935967 
935787567   -401877752   395307056   -922090775   -233087770   -765398932   192176912   -761920453   -67674666   -816863312   554140996   -364747583   -804131700   751753201   -293495481   782892146 
-631819182   -260993942   -856720422   919553653   217083880   -411306074   -718901106   -558580169   488549077   938734780   -271028943   -390435574   715608548   159546146   -132864613   819036946 
332139269   -220705278   -656083457   481516844   -937040976   -409623329   838262328   758709814   -108229169   -950770464   -555135540   -332001268   519582348   112674916   -353629470   376762950 
-335973932   -944409947   325435735   261965194   957039082   -800876744   -701371400   -782462899   961023577   489183822   -620706142   792499091   134649341   36006031   -308160626   -493495103 
16
40927345   565789377   -256274569   -462623771   -728863590   546927883   -113238368   -474335852   -64332874   283121688   -736415135   188070315   462400972   75725010   756966189   282250095 
-748951935   43571214   -52461480   404281234   127792018   -526386612   -762914084   131844578   236260755   183544175   961484043   -617509364   490627604   -824241694   423948731   422941780 
684350684   57549313   -527200588   -130140440   -201802811   -19311754   -152835001   -145453950   -35931309   560219261   -578878460   -778000843   -684557170   -276294298   -689535515   852289272 
-484119638   747161328   -398567871   -593033745   408480676   -116612721   740788694   239937212   985777363   -837173493   -935200287   389964652   345915518   -117085597   248077384   355575999 
-480566790   -584094870   -897789397   219725076   -807304879   797519185   -141800742   -226197827   394648681   552879592   237518894   -15842719   -53146314   939931553   -454064500   980105583 
550508503   793278162   -920262178   71618388   942635560   879850907   -897166414   -638592604   31575509   -411667964   -904372436   824065554   -905698070   225440374   -842816147   838000916 
-254795238   889865689   -121437261   -737409116   956144028   -780550529   82664730   766951918   -163246350   758534244   -410240296   272104767   -657183072   -408499019   977074178   599560826 
-787118744   559275725   401455234   920728866   221504771   -439784284   -366881092   -396570781   -223768465   565519704   -148231779   433758830   -432591905   -31842692   450903001   796283828 
-533981223   464430714   -599504274   841317092   346205344   -939735927   247913197   -995132611   -505595573   606980652   132868169   664179790   173893472   241763455   -142858904   -570302949 
346480654   -564325784   -924614113   75169395   -683067236   -164407230   565632123   -155447056   -491979801   -39582734   522379040   -564482391   -110256109   180544096   817166491   -911514567 
-541917495   -909544492   -910582449   621052819   10535327   -900029406   -565222111   322220408   -26460905   -83010517   550923902   974704424   770114436   -808107647   -919477232   528131877 
-224744706   812226357   536079254   -386000006   890188318   270638983   756320599   -615739259   -418800535   -841770836   986657549   -529385213   827141894   -143417630   -76078530   -32658057 
-437494749   -10223540   -766887870   281146179   367209536   424095125   -570737513   506575079   -70559122   -306140367   -835870517   893522537   317620069   295955771   977261996   351835106 
666699268   -872315804   874799572   385044928   -451476757   -906049923   139418950   858229853   -498150105   306306100   704849815   -651030952   895998033   813870893   97694076   583473212 
-664534519   -347718799   57953801   923540593   -991844059   170607587   -298222353   -663502055   823814012   649470181   741167865   -587172601   -96225240   593931702   247582231   674308984 
224217473   -589399733   940686076   -511243762   -309373628   68706180   -967003478   28215730   -298502473   -623909666   -29523710   143498290   589360842   381095858   946056742   282869676 
16
291676471   796142901   415872175   -617327485   -912439573   689360949   468583026   -733154440   20524923   -893311947   236555311   -796360292   -996331200   96898632   251938416   611000197 
5301947   -956710440   -70596678   -591939381   -87888017   -567349048   -12298269   -635912008   69234828   -992932777   293016714   -467958904   -875244964   -778960548   -72995933   -780253694 
809258157   693763763   389222518   240247946   87399239   -246520376   -45695286   759909178   472656197   948739687   -588260563   198225123   -252969316   -738151302   714807539   175314016 
761939322   -58393220   943024431   351147172   -170154440   891401772   -477310911   -201209228   599938732   748707446   -547456419   -161533895   72260957   -934302617   496213748   962735335 
-437240741   709952081   -659020469   -42530366   187927259   30204205   603234115   825884885   471433784   -314133895   -229809776   225290922   498568305   532557775   -602566881   89163840 
109105001   -793250760   -883845742   -551523414   -723927525   985512951   -863454754   -645535569   -72626934   -371224138   -514596700   -100855919   -613037438   -774032878   -731296530   -129675645 
368558009   34782335   -684739171   199434200   -847470741   -576386829   -494789504   -747799412   75565114   582147761   -868388790   635566948   979407652   -883910746   -34537507   -875638315 
-304288274   -624853648   -689395633   -529546657   -605270052   458872949   -895075450   -857769808   -263024731   578741463   327852298   854789494   267262154   123048606   -327057998   -903030553 
29211754   -111996080   -886492185   -787669267   36719282   -697575318   483454156   292172428   991917944   20239988   -443981844   185020294   461336768   -410949307   -76630042   -49104725 
814566198   -751415378   438116191   -898968281   -63268992   749176949   840610360   -13062695   2528969   -801633418   -554027634   -157262826   780782906   11470116   -521209569   992263003 
508256266   -608565082   308020750   819949795   -58999871   119435101   223670478   31384814   -322680364   -614035747   947699271   856909901   154248340   -969282888   189794066   679105366 
390123462   105696009   -381636633   713293   628545435   -695481720   -484193584   -461326929   17008141   857862744   492800204   195164795   471469134   669978660   -74594601   -755398582 
419076569   471041175   318979560   846653333   -930317855   299569755   550769740   -980500537   -995425543   335745037   415516635   485402078   581835203   -878003088   782081824   934617084 
-586339851   669739644   407015275   242442274   733783926   532977991   871487177   -309991688   884897266   -613764216   -359108306   96315898   281483593   209646326   -662971867   -193642023 
-578531579   -261196800   952527146   -613017358   319723884   -743554026   -844465077   704288759   25180777   -462518097   -839326070   -272472008   765585361   668489554   893843069   -816048853 
110497875   587497194   -842969973   958563763   888748534   -306947511   833757061   168481463   371284249   460041012   -564613507   -204525303   -278820498   -60639427   221793584   411583213 
16
-67578606   589174393   -347633982   887770620   -745564519   -437583121   113150486   -547167660   528643141   25014148   774528661   338391903   809165780   991591973   465598384   -637231938 
239522345   108685629   850039137   -107807786   -355815452   809991794   909760176   -126132563   -353888543   -321738329   32464636   534713229   252691129   506719729   -371811877   -199577360 
768613617   288881469   -749992392   -610098115   890971258   -760187085   831956219   -301847081   -842143014   -517827213   17265626   523213078   -511968242   611396988   -12361643   -671958565 
-677973139   -939883013   327513454   136213232   151370642   943236879   -159382239   941669334   188457635   416593896   -355849754   165256828   815980813   -906796114   -302383400   723722929 
691333339   -207030412   -555691418   -276569748   345220734   -853578210   486763184   337321832   -716135700   -343547553   -820841209   768010214   179796078   692720436   -105408283   748444092 
514160518   -747779806   -529708015   -714410206   220220657   637655499   487749343   -892638305   207586128   -341974114   -146047002   430806044   -955547951   -803283043   41157440   -23805150 
-775645492   -680465311   -212854168   -793972184   12416843   -774924693   549494568   -110889423   -920588774   980246142   -375159617   -435523177   -109334337   752415233   803697512   -710838235 
415226821   166994652   82622387   -886336126   -178772612   513038113   -854836599   -61229748   -597696593   -815576522   869259768   43408775   487436992   409025492   983068263   -951357848 
-174122358   -187207623   20369998   524091282   791421216   -177282194   -743647584   -39423544   490917818   -253746666   -140018847   -191842302   352410551   524020655   908849390   -632605232 
275376018   882779725   73583921   215489451   -43547960   429404615   111992156   156412955   251891484   106488523   477006744   612817993   909143775   -876869030   -170919983   -882813884 
142685508   731242043   -743766710   619313586   -908667224   284478335   -617571245   8962246   777555899   686696060   564062002   917031971   17137824   -82018796   700020666   493934312 
-917614502   -263582199   867685821   390950357   515404875   -282183560   661065988   -320552039   698220802   640704524   609058637   -846644556   -245517622   129329852   -922328332   70919143 
890016775   -959497666   59820514   -944203852   -700480083   995559624   860376669   995880401   609693136   -184415579   -409812988   -339862834   -636051991   140024699   -598494508   -68160452 
-695729176   952818160   99235508   850020770   514645958   -323689466   -29632229   -817762869   572597714   -736260519   -180410110   -318010538   -175522339   -666237729   -379060862   283088528 
-964665799   810978744   158894320   -249236528   604065860   -710450065   365956602   364211422   -241949030   -848795301   -320712317   570330193   701600588   -471931557   48532980   -741465185 
74858364   -71542750   -263201265   -655434483   -779028985   -408740398   -306112680   205974761   830985252   -128076746   500168800   959643960   -364591562   -736618085   997908743   116534884 
16
703119537   -713415294   375874577   -582994234   446413974   204701205   -349543185   774664423   -683730229   810711870   -123432535   121512825   428514636   130238670   938428820   329348262 
-841231642   -440754186   -406900350   -418871862   871487973   -848554914   796830987   579437079   617652170   -22043763   -527755304   453035106   -432687575   -307237439   667619608   387656113 
-308158316   -479677043   -472035258   540302790   699770590   -776186474   658112756   -621214186   116627940   -504494990   538902213   -257519690   -458131869   -362171587   -890722378   626730337 
720641985   31024674   780595805   474070414   -229538702   -632600600   539915934   -885925315   -370255971   964311678   -982385442   33538866   634979410   611093505   978976249   -205112304 
207474028   -80898638   219842147   998570089   562278610   780050066   -362206105   -874423811   562706918   358602934   -903950018   299213298   24448128   -660448163   334798389   -343848878 
753953804   -787661318   19644889   339212934   -274183180   -688294634   -192307720   -394286473   -195168283   780971339   -880715706   -995301687   916933356   41680478   846619536   -423942983 
-21640869   973750821   -523416260   -889494923   430944380   -320680820   557003267   329875496   -945792340   570843806   -727570325   -199248580   193599228   568336658   990225407   -46933294 
162352976   652846424   924042497   789800385   222583066   -885433148   -209394715   -673479739   -512901052   415057548   -473722750   -977360100   -422510546   -683026379   -790097784   850235663 
-189315548   105798400   -672970967   67318769   734903917   740652773   405854119   55468763   -612873288   -783594535   336157505   966947852   921676284   -890267122   879335340   402209543 
-647860670   -894563780   188910984   230738753   24550391   908502079   -854427693   426654980   407556001   1029450   504338404   -893088024   738795213   290543689   609655612   -910200780 
-686627795   -96062148   -909897233   -751932751   700047003   43897161   121630004   -277830638   368560676   23635211   566853748   494542746   -888593778   -75619900   -819657659   844207325 
762895741   388542136   -778189133   13176821   62569642   -519830495   -899413773   -249087046   -136225903   -394366279   609895157   -108561148   -495306866   523948897   147023886   357982086 
-579177097   275386534   -79992582   -784779868   644929239   753250730   685631100   -776694703   898786513   -285236373   -138228002   741100475   -658651936   -513548393   -291611308   291266998 
456099272   592306999   -618231144   247360662   -169580518   -705983773   155009131   485999994   -356918497   -153780399   178207526   -890593107   720937162   663902679   893355298   135026087 
965879321   -704899457   275953800   -121830978   -960549898   -130075399   -556124722   -694994058   14843013   434436970   966836905   43658209   125608575   -960497880   -6725916   -652520741 
-381931763   -703300841   479649869   -549764422   8705890   71516125   -634859933   388320399   847938623   765899512   -29513998   -673603896   520336267   -569536270   327005870   798261305 
16
-655244304   -780940378   906953435   2727026   -537807414   -202758346   914545579   -815094918   961771956   691015396   -584279517   758810910   -586146809   -955954810   -680446462   -861694446 
440506902   -302851946   -84163387   173963783   -277115371   -167455575   104613467   268217159   482138775   503353079   -298043186   535777295   -32279255   -565430994   62271529   156165982 
-663741051   516263232   224159747   -958378889   -111909048   968073892   -385078879   397828933   -106875012   -425693052   -854517771   -570674932   -823890821   -717480238   -135382972   806231142 
-794770525   122180446   -965289318   910764168   320523871   117251712   -210071260   -957266136   -530562463   -631035277   535576796   777300144   -954593417   -927620811   -658616350   -491620332 
608748655   -290499   -69720700   711059699   -216592580   -558843728   -946695073   -4136996   200666104   -222619487   -21295150   -848284020   734883627   -860030337   77762038   531855851 
-301479128   871021841   870475077   685745822   -927487101   933738212   96853787   -718122559   791684620   -173894585   -489876948   154354454   -703527963   729467496   -163491763   959719030 
-282041153   -596698595   23452498   -100497447   -442397077   531390394   382809581   679174624   915420687   35920735   -285944518   819018116   -493397622   310842886   995295654   981073479 
-980619486   -601311679   346022919   295451604   -84386907   -933612307   -865480201   354902236   -901746455   -687556216   818182947   -118711727   -706535081   999060148   346756011   381656294 
475369913   422213650   522188667   -845712200   -144889827   -634057708   861677212   197853761   -908814949   -578906473   -204974126   171187268   114227058   852016554   881324390   -774405469 
445747929   -455259682   523607414   -450399791   231433992   449888652   347082128   -224528380   75717745   622614054   -591225026   988309322   -750318406   201879555   368423840   203927968 
109000044   295907446   -811286666   -579329004   -278150626   204335250   -859594357   603096117   -539649426   -736376776   292916610   -109585590   886614545   -240067889   -386305328   -481185244 
854650053   102256835   -122866072   688470674   -839309252   -742420715   47209289   -983005889   745391257   990942698   935258916   -453190605   671441811   653360200   -86642944   639924775 
374352563   -234745346   148454508   552010450   -100306281   -689487939   145360295   528267377   422480438   -879261935   -408845206   491906316   239137454   -861170706   -18890744   -55553254 
690979808   -889470363   -261235920   574179938   979222867   -516245720   -949512450   729350742   805210415   687518330   -320561936   123000868   -678064909   -963899998   -416619667   233197611 
-84586140   49110251   36806535   -85726795   95019829   549700777   -42456795   -437876923   997954015   -1223334   -541666446   548294971   -431159987   399289599   94683270   45430284 
-700417535   -431329710   -263644979   343151787   -866429597   801224988   -546966285   489303321   454854664   -963719094   -325513093   192112893   -300987843   -98140260   92215751   -908907739 
17
-339097124   586594797   -397721091   -679907101   966922021   312165339   207325000   626740904   -10751088   940020415   -499625394   832657060   -368192908   -130467182   486638815   -260524126   50195237 
-214531592   937439225   696350991   -844529149   -278754962   -544629834   183405034   -21310922   617232169   -339621071   899062339   -288525209   656242619   719027846   -723518653   -138394458   360189658 
-928360646   -452466012   407627926   -704863198   206080060   -264024856   -476380309   -80592808   -294435148   668003053   -293810490   575098639   489631956   432347321   354023684   394478009   -366568110 
-331584753   -428902475   -985040523   -333586274   246292151   -201095543   -10685867   -186947934   213698786   456538197   -8309142   -809874899   -745184489   -113968178   115326705   -882362018   718016855 
493531177   617863842   -491835801   -618238784   -237642482   405480910   -28209214   27657698   716301198   364562089   683190147   508234859   865429788   35862330   -948579451   516158610   -588996933 
-305013885   232561877   -955588608   -193745424   -976542920   996408088   219543840   763538368   -837815271   788790927   -261615458   -536989212   909655169   685352511   -272011892   487297390   -179003680 
-231330791   -253922274   902440734   597844379   463241453   -166115427   -326683810   214154732   -860051236   368242201   704740025   -475792803   -131520534   337343096   602831021   -333866313   838546586 
727765340   -340284569   -567287938   464316874   -713048274   828045719   -442357820   28814597   -63663555   -60980891   -921619958   739207917   -729090029   608018196   -753138414   256841919   691662174 
278605758   184096155   862785086   -344769417   -92793479   636604577   676087477   408365394   365786216   528688789   -541474449   248553781   -970412278   602598567   -355833568   530742320   -36870049 
-230303339   -285597459   -280068870   518431426   974475209   953292629   -868836179   -470442823   992664408   -134382773   -149044257   -160099754   532557817   -337218800   30351021   -491011761   -565453223 
-498028801   435771106   -370453204   -955176820   586379586   -257223252   -268779103   746846411   -104091369   -845667916   -993374987   62327784   115743809   -922424901   687472938   -371887595   364156881 
894913231   535786416   -975274151   -204974577   -882834650   -644236627   995536788   -893277726   988036122   471547717   874111689   -933211408   -77928082   975267984   990539097   -343860871   167906254 
-200802416   -518864546   -701704752   897255554   -69119618   -111574169   -219555595   -57620946   -830347151   203978946   -163225145   -606718219   596888673   -481629685   971260991   894835933   673278085 
-871248025   -757322155   -943721212   947206010   390512590   -445682855   696858185   -787795722   196710648   431177779   -761599674   299137772   -794881353   534932384   4961396   -956792235   -550630227 
600878320   -556157771   767885073   503168385   -260781314   514052037   -826029977   -165419932   -727369443   -94435108   -319722684   592972568   393942156   710166697   -319032484   100387818   146171198 
78728296   -499384200   -856861341   375636969   10860587   -367818756   -590334907   922662648   -575474627   706727678   874005992   -578033028   669846877   140254347   -890074251   412866417   -470625556 
633922100   -469792871   -500178871   -66833357   -54272400   -668936288   -804710020   671287189   747545224   273722452   242585496   719040654   901436334   -874506779   -965153067   -787291057   154426499 
17
627219918   279836368   -880036992   744990690   -692728075   222493453   334732526   266978739   596019421   -137227478   42460240   -150675584   319013232   -553636725   -993083132   -949054451   -369691642 
649973923   -659736328   -720955235   -965236682   -945788523   -58941386   556096006   89701842   -787738165   -393854314   187301342   -726347609   -983530803   -901051631   -548829270   -230542487   913546206 
52863447   457814131   -522049282   849140085   717539289   -555804800   712344896   -263481787   -191892737   893886616   -170484021   299811100   -268846645   -292232205   896029270   -982608420   620406739 
700839115   530818887   -593096771   164509073   -772921083   205216846   -238603239   -688386487   83115687   -624361779   230136644   -671935859   854908476   -220895152   -515064224   325267912   -792925239 
-387873069   453830862   728393589   495278844   446585628   -335059247   176119961   -527204900   987553303   502576503   409306409   108195631   -987520854   294791346   -271518662   208573936   -316216507 
-622387406   342898688   -467826116   907027638   170659543   -818747796   788228024   356747883   624319734   -989557707   -629696344   528932648   264450043   550965000   -848395233   53926470   416274654 
861454314   -409735607   -79897895   -49525081   -466316215   204918838   876890761   -85328070   138691996   249405698   684836359   715136230   143562162   473645200   -862730744   239354861   362902692 
-562911315   744649335   557849625   -754852168   372782951   882141317   845936595   -645425057   -500121809   -888255482   -769677011   -610896524   -106799280   856459780   82765355   19571249   -824735354 
-262671172   950755114   184482442   -334493344   -608362471   194044160   365988919   -292660763   -589805926   -553398384   647753218   852405844   303470355   134255726   577351710   630742633   470042200 
-806771752   357674627   671011880   821084519   -544249253   274456968   -225539221   -210624152   -366954812   -932615820   -932963167   900391156   662922992   -167319981   -358776436   415231420   709151912 
820362746   -539327477   789532037   967630897   -984741872   -578394336   -736156345   910242123   -709115599   341364264   -787434834   49682385   -792606641   702064219   764367737   747597147   -430069935 
-853701669   -187458784   -788466186   650096862   290062266   -208573668   796571532   -571234006   28485299   750139166   617012059   -927064060   -884887825   319838631   625365835   -739251614   719052178 
183703311   171836716   830292664   987536292   -254636834   -667605562   -600847430   642292506   -357106615   -794834269   90425282   224914567   -469117299   614503432   618823045   966459998   -810192259 
-925492713   -692863837   793231074   -296390394   -6934742   -602751096   -944207407   -654627346   959192695   188422955   570007052   615617696   837146478   438617015   -194633056   -340340323   -120204120 
778870725   -999355918   -82220852   815991944   904273775   -580285187   -529821971   -153985360   840913177   637247792   16253867   283676333   -330264842   100819995   818011133   -147744530   852609322 
-912517514   -416827047   881098268   11908465   152165508   -597356736   -227233840   201309406   -133855661   218245613   -208396414   -934545133   -783586663   -463909949   -647923093   534023329   894028290 
-331397122   -531229475   556427079   -48886431   399834423   911487989   -803301431   523812830   276937277   46516763   -223308011   262258455   -629670482   399595543   -147057429   659847356   -241376378 
17
-99428672   495160730   598704665   168705905   -628142618   27418989   98148075   757953324   -407312023   568083159   -715837448   -177588237   616798159   -314555855   396422195   -993450621   -239322314 
-727452072   352421714   -521474654   -801080776   -228425178   664908943   33610023   -805076785   263133727   -306925609   11183226   -767465072   347930605   -596849120   -965961120   687912144   -374842060 
-529641391   338175196   155885531   -235186927   -717868786   856380531   -666670376   255618411   3844603   177232638   392888042   159445110   -193195660   648725596   272550022   -601942526   270564490 
20483181   906859368   352520248   558120533   188811567   812351935   -509041353   -823384676   349457422   901474698   611193365   -733681767   97208966   -675291918   -290141045   -210427265   -120921299 
145823441   781360764   797973330   425530608   155573612   232281319   282474190   928637816   806156281   63406154   110397937   -201119936   -426122899   827486701   -309018497   -87380   568690520 
497200086   -676556934   75300030   -651272452   581288227   -578702005   -963349658   -786530343   -872773398   892955562   -911483473   541125918   -26589063   -605061097   -43359949   -452717997   69345038 
-538831466   327521403   937846232   617863649   -726411782   -736254348   366981313   41918594   -260814539   -788251019   -383844935   815393235   592302248   -375425989   -423402968   -416503516   151657031 
-885070904   600634650   -931003158   421850782   -903480382   384613774   -954240432   -141444689   575554187   -978316500   -522406054   -980275040   696835445   -602452392   -240360991   244082467   -277692819 
446683929   463522218   787622641   210047717   -692807894   586231256   420445801   926288648   -650727948   -101920425   111625613   -253111934   321314167   -637390204   -288453125   288974367   -636792423 
880624518   406432473   -604166132   -111205491   -437142020   812288335   -18604484   180313139   179793858   478928647   -641986507   -923860911   -209480132   -112432580   -590072431   604167036   295739801 
-456086286   741231084   231830558   348075723   -68087827   -380964551   -697944657   881455493   -756011832   -826370925   -477233589   637591433   494617112   -611291988   659903851   -744776188   -119468266 
379987573   -851436490   3882363   -435462205   -927400879   395768907   869387078   -422866675   182183756   -388344434   -304032620   -979633257   30635502   -632107882   977355072   460546744   204539829 
59352403   64352936   509232249   202672888   922504521   -824893320   -895474968   -795220200   -475446257   639513817   57754872   81939260   -881760086   -712092367   -721183719   248235163   -446207320 
410833591   -741534398   -334672796   -522985609   -947098073   430605631   745808881   -53939446   59173433   -145005520   963977877   -620368464   -529359081   -101824359   -736065099   187174403   -664857085 
784960077   -598084421   -485394740   -858311332   14626568   -99385336   580780954   -741290312   -79625847   -606997390   -715347645   -597880571   131930892   823398592   -539190272   735035735   915058787 
584752860   164153805   883518601   367816670   -377757149   -561055622   765032063   884708032   -306614115   207872085   685951846   749991374   858050754   -68562187   -864409791   -793053734   -298518411 
-244272800   550756259   -116554972   362568102   496612938   330174001   894636403   -220692919   718709427   -644944829   -950936980   -643671411   -984265016   689164101   -997804749   861744020   -849502401 
17
-613165018   53340771   -337922022   -473960576   -544677954   -313988108   -795781748   29952494   189341765   884985925   -992005192   939559590   296744655   -736845078   686927120   887606342   389053094 
21019579   917089254   772164684   -866756256   -151333339   810883005   -707353547   -522819629   982888257   -289827375   958407220   -7754020   470195981   -483001925   784885639   596467685   415375303 
-24517590   917656334   -888964405   174955618   -511764392   682055652   292926946   28554240   89393127   -272959178   -658962088   -716358999   575500798   611989244   799680874   -603120133   104899892 
-620312418   951554561   -512417820   -779010567   -202068670   642180992   -731931323   456666219   436273216   -713489201   507055887   388493088   -252856030   749563460   -517407296   -805817037   -92628533 
165855280   973191187   23661994   -22859833   900336928   60927940   675682838   449159506   396291700   -48722747   138704534   348300976   208874588   216200437   -19732378   -327782965   -780834681 
-948195012   -590027216   -640586228   -106217091   33142118   172672364   373429139   633021357   331387056   -425972765   -214180325   375885894   352678856   340366877   -387827277   -882454631   -742054822 
-998151053   151202810   429348943   -39117755   -504002518   -959778857   905191430   172817505   664487584   -930450283   770640804   -499422573   -335902251   974837512   331347836   534131498   -535048414 
-326189262   -823241575   -231786326   648698569   -152145502   538557109   293558510   -70378922   923375706   -296440756   43399813   -253153416   -638380575   -186549462   -224104153   -402066826   789355109 
-292032457   -297539719   -988188504   443406358   -756922154   -453278342   867364531   11178524   720439266   -655684147   980312563   -609208357   -746695977   -885193537   652331974   -822122554   627496334 
-538426479   -653898714   131424167   -2062324   358683241   -493018200   31060346   694686636   -891525316   -831353829   994174303   -77914293   -164096178   194883707   737458640   19983906   -967446596 
317368884   477558906   -676849380   746476130   -800421754   -289805220   260753090   -588532924   999140337   129696754   -285289045   -620530429   95024603   395615708   170118074   453662369   -639541921 
437599921   849912055   -80725998   -519527891   193522136   -725393166   -31512146   -791006117   -185750343   667821320   933793257   948449219   -358257674   -981955509   883023118   198315722   -99067047 
560599237   -434201440   -392643831   29854424   -291605089   -921674519   -251027070   -712400362   904079294   701876892   896566485   -906999881   465659323   -243499888   433078656   -896356816   623264762 
-114848405   855887157   339990857   651543921   -491286059   -173597844   64624241   -300654455   -104569613   403839998   94283488   -710930094   -34270409   546211499   222336817   475220689   -70093342 
85009313   -605467946   197213589   -719388568   254585204   -923863232   -812882783   -606576995   -821731471   803943652   186119796   -480995751   329238508   -90867345   -309092653   -432575250   371521647 
-453429044   196897788   -206024739   -491855898   -64284385   -727679714   600467917   472515096   486487463   -683904664   196079917   -281470311   -473063456   -929799304   341781695   239390846   485062474 
-687102263   567489239   -359776968   926034353   322781511   690017429   387939870   195246281   580257976   786685222   -458163128   344101966   -511682419   449457490   65567737   -133642378   951258811 
-1
