17
74626886   -258224044   796524333   -783850164   -363224748   716095052   484806819   -348359828   63115690   -311815785   870338648   -929272252   -191044565   390370509   -496455715   347514114   331187111 
435059189   216874887   86271876   -137830531   526620183   149380456   -595296050   604072268   810085198   557252540   -841733774   364506198   -719539941   -227501124   -330454097   596470573   795516186 
537198486   538803482   -867865361   -890639057   951285323   -813716959   976324719   521577869   883856182   -365391121   57390564   739809985   900217108   72477575   961719365   168305368   -966498523 
975042447   482735843   941593410   169331931   941950812   554277268   -657555479   -611406589   580325288   258092825   82820094   -894307513   -254731901   828159411   -749777480   -457739787   254529040 
324910176   983523569   766616055   819590019   -3564126   -540148930   419024402   79218   279729484   -170567035   -852504521   -596875292   -883862402   606323772   -900971370   16895530   168683384 
261533465   661204098   -819162092   754229961   276724070   -242303816   -649070265   845270071   714229303   -887898880   959228995   -107814725   -526644974   311956952   173159528   -747658453   569299492 
-148247550   -271459776   -247583952   -844788283   -485119054   -235339206   456488303   -726986299   -326775759   -535339217   -204641052   -622527871   -375037146   86414795   -925263746   -479206966   -525147273 
932679145   -495059664   -695748803   -386446480   -144885591   -131384703   765508035   -808518683   853044369   -987109627   -13554160   813811673   780568359   -349107391   -501746494   -236737043   175095917 
44878868   -710005458   -209738661   801047340   312509082   -280232030   -673691263   -298294823   -843718396   912918247   -301175484   -649335615   -399185660   62799212   -644979837   865765795   414197272 
109590632   -758372347   433759217   -103872909   110180775   684028837   -295983291   858130165   -159061135   -380880987   739080341   -321092077   322446992   698936704   816071461   -705630102   -248339106 
963984699   805850582   342256471   137415919   376369641   796598009   545340689   554465987   -751763919   608267949   946535387   -872616981   585777422   -983289198   -422681966   -323454393   91851075 
838037279   -244544692   716587638   962903559   84495941   557907584   431792012   -372520399   13021729   536399267   -145674937   514351484   -817883900   -470431   -810874737   616968175   650825355 
31600316   -13076192   -156254168   215465565   -96584483   973061679   -593281562   -699873042   -329175396   323546295   -498258902   63245397   578617496   -196978749   780874676   185837012   -935864743 
204836654   993790634   -613500052   729960083   952948526   -58440554   -18661437   -160906062   593353839   -798276404   545681532   -764752662   -675499467   -384360522   -383335402   -289996672   -691483018 
-24479454   -33426873   50184253   -559407276   668730453   831452735   -952212279   -22515280   -238407756   -835376657   -192605141   715908395   727973673   -415638504   201309836   278224594   -141183897 
-576981831   478939257   -604626871   359155200   688244919   646308323   -738897154   -657751072   -817895745   -223258430   634910498   -54379551   -292565972   898821720   345778565   89507869   994476250 
-276495587   -720971929   -799492056   -363216219   -883887729   -734747474   -519270457   43892828   115602005   -34242688   -678416500   -469946242   65952222   -939962810   -400169274   508643011   772814975 
17
-547884913   150455805   472265077   -455978159   -324770330   -302758947   75944228   -371898748   -323024413   -198005807   -497790081   792998308   948561589   -626851158   -586102999   -202055542   436410858 
-808955564   -965962017   273174765   -752327290   679301714   106906531   -66718313   210874794   171826180   -878326458   640268013   794579909   -830407568   24985703   -983465991   -577386986   -720631807 
-470447223   -264652925   -157912881   -865656459   459074284   284226266   896572733   489412848   -829525642   756146197   -388569186   -662295970   160038121   419043928   -395002862   411351722   821078189 
806745363   -291947463   290679016   778021306   525087050   806461944   -773178247   431096228   498283641   48540151   -997516873   -337675192   279028733   67878642   -919291419   517747048   -593650827 
-427960615   -261578603   161004383   -733265328   -159152908   -314531500   -709843494   -537749794   18596710   127710836   121023772   601883938   196254736   569017609   321179273   -664973544   -97825679 
421075714   -732038725   358622252   519708512   -943405807   487093399   976823494   73559955   852839985   -591157860   -598820812   36176764   -948479348   -510713302   -797619428   669657373   801011122 
991929230   -694503069   -676079354   -979207483   -252799219   -677748756   -787094618   718411029   -540797164   511303841   516185   -892703815   -777691670   470624526   -104942892   449017732   -5005207 
674135049   -660200432   805296041   928680441   -507214011   -172165124   -477781516   620798024   781289670   -865101819   998280154   369384344   576056263   -240611829   338179826   -160391546   -35374193 
278960403   -809666716   -542439423   -615824995   968526630   -163611614   942048418   763133230   715857534   108756187   -42257272   353631933   -418338302   323450798   838313749   494977266   379394458 
-157598444   -654960131   832126462   -839659232   -257908759   -152849932   -962206097   682936331   -298168153   -714731153   -599932198   -328473123   -641552259   -179294175   340893056   345114645   -475469084 
-548376946   -182878619   -359139304   85912071   145947186   170398827   129480499   -56018981   137473736   -998116358   5960446   -839126729   583559098   -95622732   -43348401   900592988   -887004842 
-976623248   -750113054   -270708873   261853775   -915378682   312786480   374627397   642153113   636912001   -758737457   -968837388   -313716299   724796142   -805111067   -316500843   -499112708   991698583 
158611013   157497658   -41024233   -64195682   -451001491   -254014105   418231046   703279929   119965433   -78464002   -738111194   212471913   598611369   -884028754   -454457788   800666037   -596375060 
224458170   206469430   446969923   -627769439   233002398   -231039768   -342873227   641888911   853930494   -695457607   676337308   955504671   775765548   -222454433   605475536   834346689   -479105587 
848454044   789265518   -886713495   -525691680   -625631053   -211984151   -664714063   327606180   51821289   -607345971   -371116033   72068377   -505998415   -415928041   55251755   28411538   -25421591 
163929874   949970120   611847916   -651453470   464946945   -296138394   503149019   -534711839   -271240690   433721336   -818658019   -230803148   -666140886   -842142665   -323333514   940540251   -130335126 
-654923750   -796336794   402535648   -605242513   -616126610   735585465   -378665087   -862708041   717250753   -238742433   -445399147   458362261   -830459451   -325286848   -227741300   922224881   -696250242 
17
-852070314   237128197   -94231433   -454951722   474611319   -341895594   441669699   -338031046   -478859770   616156263   -365890300   696818874   -836609337   -965928901   -712440591   905091502   188547854 
-841725743   -977935441   -184587592   -946141867   876922977   765934444   465483325   -200284121   -645146638   275969095   -841198653   -739195534   -597573910   952407175   290273873   -952552695   -378602015 
527202971   -459145359   -578416241   -3061555   927783953   -52677378   -547199469   124060141   -865785118   -369946747   970860790   -586592197   351746750   342797331   -833917945   -799167574   -671892842 
428179147   786158079   71530966   -168064089   685486527   325490770   473391059   -200526946   110229975   552286173   -726970126   97213999   -798115774   -429429310   -52300485   -475853728   -782470984 
-305314111   -851572757   820079950   381582829   -262997508   -85884592   960593873   306541743   481138341   -119953118   282753516   -656574993   -72759751   667838112   -892891063   -800088314   23797979 
812381480   528154623   353681001   551496383   987325496   244325178   -611233541   567156716   -39099824   -223816392   -28567487   -973969760   -499015497   -454244013   -165416282   -420899413   -534480011 
-130943832   -591238382   -734049154   -599462441   -266416848   -193833306   55823567   953598982   -760750   -113994554   83511586   291272418   -713143982   180347667   -489719738   284499895   810039435 
-846817832   11278703   -491269102   114522247   -86869749   405125685   568805062   -841197361   858627563   852532701   283816546   -736771850   902248016   -46109185   830375607   -394319955   164428233 
-197158236   725951476   80733692   865493917   -653020949   968235986   -539460028   -258771183   -920102478   -870688857   -141405163   -688883226   -821755147   93802426   739201061   993311984   665551666 
-702547777   -98465674   -876900741   -488481864   274217   561460740   955610268   -606656175   590634696   -878167985   230356859   583991507   251551055   -390725398   -412364696   -622735974   130673490 
434301833   -413124041   945021575   727251249   -652901210   -356450288   -285690469   -288095165   -821984060   -75384091   -30170431   -955985069   -799456303   -106429134   949188329   185974559   -254613566 
988830181   858581232   -458977086   -340184997   328974441   -734178229   -990131960   -662743633   -607645415   873595693   602175945   -802792574   -796851433   163994499   -871122737   474059197   282148529 
-31785245   61120086   674268375   200497819   812918627   259368920   650572963   -476751159   767145303   -53079065   28476475   -12373814   33324452   577360936   -224867209   164422359   341821397 
996167829   -52998284   -603487168   860162970   -325131724   -582050739   215970024   351154620   180517982   561172259   -13863241   851485841   849311802   -779781380   984455344   -364352414   267385851 
-611443300   197677867   -416464990   261043721   214146963   670974054   582042705   -980060521   958937205   616886070   890190327   -714549325   749008299   -576982057   253985041   830155487   436221217 
-218211853   -216271927   319140955   -214215866   -132454226   879737253   478433294   8301774   -309713603   194563602   325567286   -325433278   -662098711   -747604420   -786796341   494972188   180819328 
851573435   945883637   505406175   -647567645   -778332085   -849112854   -215509089   -541516361   994375926   -146611846   -320927745   -230576572   -666016900   637308371   942561072   811594567   -236416767 
17
-524183315   -638765201   -369096248   -826036615   514863547   673907710   -59515108   -640265956   907913526   304476192   -112644698   95381555   67421436   -518186757   -489909951   665850562   770540641 
931543756   795158470   -224940704   853080693   -314281253   999954984   715871963   -470117718   -243321250   734170913   -570786363   -166210564   655336206   -287020246   -666279220   43708098   339679846 
-759578497   -123766440   -940795363   -449404889   218273966   -91660542   828472575   917311081   -904183706   610894064   -334295862   514348466   51262792   102944320   991827850   -595844216   -690643490 
-556716903   -425225285   806396859   -903392797   -718713438   318913787   -153196319   984118562   -45346262   10355253   641183387   856146801   401595554   88084962   607948936   382013252   -165475412 
-740993897   -937394518   -149480811   929935674   -826571373   -675185020   995302273   -80677600   388041086   393524588   -843135830   650478478   602307767   -53246161   -985121417   658007597   -682194395 
755284203   659717619   -521376906   644873803   -315673047   -735150983   979370925   -376478523   64300651   477887213   -177032530   -406456649   422260486   -390832519   -255385565   46882450   -480388225 
210580660   -635670251   -663448492   -280913347   927279110   640356761   847981643   -157394542   -72510877   -186580270   -480062007   960286267   -349926980   511016960   415150744   -68985139   -557263431 
80889638   400526862   -977421564   981753732   328153521   -808001709   -394654551   494920601   952006517   826878192   4392560   -624536158   -846325356   409515967   -621659828   -342683628   -329306801 
-30664721   -135283619   567625582   -489847309   -122693687   -199475648   630323976   -844050128   968138990   977405841   -412637983   -140432234   -833147823   -120650046   612638967   -340827513   -326305466 
-855135370   23127477   -433965021   -772759686   473189739   619447242   -818031307   677263782   565916336   450420282   -226870130   -808248447   -276272511   773145181   314790874   -778627515   -815597493 
-401240216   -697599235   -248008438   271513334   348693410   498632864   332665164   -161062239   -158275833   429837998   412189209   47333637   -472303552   645133413   -467145060   611481926   616439027 
-822241933   44821344   695365541   -209334386   902550223   -747525776   -65453883   -701001063   -809049643   502356841   18477873   -762504545   658241522   -201555711   803459453   -480823269   397912947 
361659534   595054766   687443466   839886932   904101729   657819575   -511236904   -138930550   752184951   643383978   -37530674   -848005264   -459701107   433752803   -90194210   -820118189   763897487 
882983008   -371006954   890712494   941578520   -632600738   10609614   -287709018   -321171356   -862965639   -468527064   437731227   913473306   -167896669   -834532700   -61532080   -603833681   97588343 
-660683078   -987634635   -474786520   -682759160   887722753   -224098148   639529471   399346125   -860726646   -636064811   776806178   301526081   -270562511   53264784   -550945148   836540079   215768593 
-351509232   799682353   686608873   -378201275   -360330404   830755789   924483562   -604054977   253827941   -821060989   171334326   -592867330   -94410080   -129734166   -703409623   -59012277   726941054 
-561880943   -883984760   394269947   -707348620   467823519   -505518186   -852150430   828915496   -589775544   294007168   -639137297   -301283454   -818717141   -401739235   -945873861   -142050323   331548866 
17
488201536   345340086   825032137   925244447   645848999   -414237600   513840051   -258663918   646495020   -102473580   -473615447   -920395325   420533507   783173624   230866663   -65464571   305492548 
980698320   713865372   -644644000   31126747   142623464   -263424507   -238709974   828381834   386491829   118934300   -292823609   905855801   -275623951   -208295630   -363040295   -439984544   546131404 
607299405   -758577885   -164988794   -643807791   -149305545   -352292324   640619561   -431073399   442201395   -626698935   -425120975   -502072419   -209745937   -867770653   757242360   -284822209   -828502019 
721921884   -748072759   88065459   302042962   801530743   784196697   149512253   -667253533   354525685   12016524   163166941   -595889523   -285746195   -386878016   -75752763   908562974   -969436438 
-543767758   959243496   167276597   231682632   -850316925   -599041291   121880072   275408790   88328980   -903227967   -936433203   -128553828   -902956475   -394134970   -707478240   -342685639   821627415 
214438696   414309303   -76096327   492082038   -776330820   153135518   486387176   490956753   809501034   938377735   -712711817   447286775   223248391   -549736643   759872139   459925175   207850104 
494841855   -822469150   -265758479   670538984   21153940   -234621985   790940778   -940351783   -976239474   -139394002   515402155   365516918   -99039778   886930352   -912489493   -122759246   -962456911 
859519209   -868294289   899697956   716712588   412981358   78167422   -988009845   -235824090   671108670   150461559   639802173   32073490   99023499   -615098549   985706589   -560372710   580923052 
-948070486   -453041999   -459924035   851249599   308925066   495655778   -994922599   329045398   -730721951   -312703267   -306385704   -295618586   -543369831   -518750941   -427389122   -869698851   -64985524 
-168425605   934642931   406557327   -435575638   777630464   -499172819   420728389   -257111753   -489825424   350176896   -323155311   100667451   769105905   -474117575   -521941535   -289117076   -881107966 
-834719162   650130187   -816910897   304269266   692550754   770276751   242207077   733936193   923169885   -299100162   -945874078   999709718   835433596   525236773   658238368   111547484   174325235 
505429629   667674926   -328184613   -54241999   -718914462   574451174   607042760   -670677578   -434155888   -994523762   887385693   368606988   487166654   896685700   534444582   -161751142   -854420023 
-493577684   14502050   516640557   -184304678   -471778036   355688734   -861633422   -456734296   -545145374   596064968   405040524   792801567   -205049797   515570718   -374786331   280749127   780980912 
290625570   747249779   -944327404   849956442   -762581471   -325263117   437351520   -33138139   811913834   -484620188   226909326   879064193   -107495227   -834533163   -705485161   -938477107   611898614 
960744498   -898171654   -536222353   883925269   -694074344   69118724   494891991   -601595100   -929966580   -997952882   -397115405   -917649763   -448310362   -853947582   667991870   994644872   978988891 
-415299036   578790918   -364822154   197235904   -247057656   -817769055   298007097   -722684946   484865384   -363873151   69248582   -877454792   -415841237   784890806   457448314   34762443   -73800208 
381687672   251968747   -760313019   -588745697   268206367   869318918   -248132135   -977791530   -711114333   692061422   -627470563   559965649   793806036   987474012   193232544   219202118   -145977299 
17
-243826032   862265109   -656399008   -59648391   -919094159   510369498   381350753   799157759   -140238515   948286381   799419084   -99917118   -701859023   -244973148   -440538015   135183559   897733044 
-143178485   -921373035   -490914527   999411194   358254646   -119757697   -143419564   821822924   25087772   -596615621   -487556636   4460917   -883600662   487040966   -642361495   -422249999   -618618738 
-971225951   -305030084   609567193   -450031409   24514107   67570073   -665781886   683942881   77338177   -402669805   -377711398   300412721   217328112   -116158347   168770840   -106882951   -864289872 
585028131   -4429302   216583110   978691078   -525061514   -73792511   -583202098   855225252   -182171707   349667774   130219228   -92377247   -177433242   695240450   -802471842   439888529   -670204130 
-10886022   566641795   638382972   -759500934   993080289   -11538674   195391918   -732095604   98930920   628808742   -981127457   667947836   -362009841   -862459356   154201640   -510364544   329435542 
-967098215   229410715   315743048   768003492   -618643147   -461863452   748397446   -497253633   -632402504   377784264   -924385737   427244518   -730141006   -961335176   262905410   -8229212   506322509 
-123695209   259237644   829625879   -910828910   -741341234   837837715   -185842711   843965184   -568260059   469576017   831480733   705656323   968470662   197725142   871645319   -802661638   520868840 
-705497967   -305753882   -707690237   -234539011   931393578   -633768274   352446308   -61569564   700528091   -789478735   -906253559   542829059   -931202151   -876617873   -1217856   -131650961   338066318 
-487892744   182204115   822657169   -136765143   138068854   -876873219   895436829   -458240527   -169472403   638053468   937565292   599328675   559504574   319239000   703684260   -109697775   312325192 
983020463   169750617   -246837893   816359454   -53333329   -585516287   602116817   808741269   142513398   458734891   477971392   -321786264   57866117   295213331   -430628082   -881485746   -820892864 
946067010   -159656333   -963459694   550359820   682906946   196140579   758195563   630152699   372750738   -649132194   304016357   -441444448   -70306817   866578598   238485072   894992476   957004488 
230614658   119135621   857273255   -329822468   -472888356   325827203   -49443566   401692872   600240509   -166702595   221814869   251446830   -349434572   -182844829   695027247   -367054555   384911148 
568927315   -300462787   -51869922   964859552   -217264889   412399501   851299064   578485015   998738013   802180673   284033745   791946508   92281415   256858597   -602082283   -610202263   400711467 
210268530   -608515682   351373992   -876531893   -79504388   381734598   -912545089   -807151221   784039303   760995244   -237726525   584991360   -598664676   36991808   83157872   -243286558   41443515 
-41942528   -285693610   659473016   396844360   -16276215   700442215   488792318   -97225613   -690943844   54629088   -600263280   190182042   218642208   539895716   599197317   799782757   957811900 
348423489   33388049   -864590621   -976401142   -627501182   18732446   66074602   144898640   -777482958   -575710238   645387769   256158749   -981823214   980496254   -860641887   672957638   345003439 
375120006   -126978443   860181864   -684187277   160152936   -262105230   920633422   -904775299   -839521743   -113626320   972171299   29076314   -551471438   402278012   128357654   -856847099   675308795 
17
616807176   -589652306   661560538   -154191912   748772002   398579611   655499489   121772401   -396243479   -719284204   -612371968   674350291   -714142515   -883150779   79995428   778408523   456808985 
-321240797   308340746   337997093   -246084490   -291183751   927401333   -839648470   -877230285   -605296599   685329538   154177357   -405172682   -795489649   -388580120   -708495167   -472110089   -54110761 
466723217   29879566   185367509   -450667924   720003768   284225601   -617140498   -458254755   -600547730   -593309985   206967769   -626247165   296633592   -524647647   -590404438   -703101583   608607849 
440866588   681281011   407037386   -587607294   75110324   -217901285   -297323141   347300036   -680262526   -342150723   993394445   -61202790   373116016   -438014152   463078858   400947484   -182776679 
-532815274   -641214652   723224913   631062322   -600676758   -870393887   -673002749   190675520   115719841   236459840   -777075169   447451754   413770841   -166711783   385504799   -172599347   926924184 
329440496   515517910   -190394569   526115380   -958392265   -872393112   -955114127   167470592   148135672   -211129568   -388721287   326535681   -401618712   -897678657   30593903   -481578009   509743821 
-590598900   982317416   -205671678   -562395628   -714034783   -37944680   -767794285   410565845   534849317   475778092   779953726   -911054184   350686300   204267424   -364496140   -246498991   -982971059 
907636626   597406732   -19633212   177927601   -794140943   -428343373   322979392   885449878   -3630830   975767758   -711967011   518169660   126392262   -947504778   520819802   149776320   401889102 
721871042   -877274470   314752398   -29297244   -710143132   -615461544   888259856   -96493044   -840867040   -271581333   993092102   633522226   -80254528   -982418237   592875031   -954429687   562732045 
-688005295   -875892460   -388937763   -909375615   -296188086   499109083   229265336   262452583   873303791   366433810   805941856   965441373   258480972   -806355384   823013276   -509171112   -823340205 
509082692   -564475179   926338873   860673251   -248829026   164875300   572790958   204254223   306928631   -3061684   721539111   678870426   528299763   -234410221   -245439526   -13277210   -534292254 
673569705   -203644731   -459297820   -296443560   995797154   693073759   -961956852   -493071395   544197966   37523339   774721333   509349345   -752957391   -569400721   397031444   374923546   856778740 
-912262188   -577483558   484348974   -155565062   -433904137   454543351   -240502484   680577693   423788863   -225920220   798929884   -436509178   -900662428   69270160   455452534   208896888   -636857687 
-227643296   -237158574   -160604368   49702043   -985605151   53193070   -532161717   454375814   159811508   433244759   -765117810   736013881   -946418191   -455232249   952536208   -137556145   988087774 
228071047   399917730   -834170575   972651909   -736446762   979739866   775079982   922465484   -878892361   -163037377   -954278021   713650150   -189439682   422862252   100553492   223498207   984332582 
923808147   151859568   333131405   -992116669   77225075   -965887490   -464624656   -333266225   934459234   264259447   684502990   -743211847   153800362   -274976413   978816665   98930994   107596316 
926888514   -25872546   -601591692   638947479   -644771954   734192453   -695348924   -475837005   800145729   -767822529   -855424971   -307128162   606009461   723355376   779940986   626127780   -645043665 
17
429450428   45771750   179947508   -806973961   576908415   213153408   487538803   937003635   320386129   -842336619   -690642092   -247457875   685037887   905961741   681168616   -144888588   671501940 
-44416754   -427976739   -737141464   -519505579   -969191085   418994925   -443424940   -798419325   -54938837   -378948848   78510063   -36108367   -329897785   690191401   -974985187   95392615   -234544052 
-773336658   -384104984   -578781253   -465845523   -427976305   321490914   514826630   -632532120   286678973   817772694   -221107976   452687968   665248195   -861819225   -802938027   930146363   860359211 
718329415   -84411568   -21236207   -547133529   571221053   822308240   -691093902   907722104   279692522   916268740   -972571721   -5972368   228917460   -89108246   -630908805   574829978   657885281 
-904394492   936631414   333682724   1087948   -864902876   193606949   258497646   740816339   -375344440   -152127028   957880187   968586479   235083120   112708045   -703002776   684455407   764089141 
-860070092   -710045907   -87712062   611607175   -391597791   340486169   63909378   -235715052   206828568   675983275   -329022716   -533052584   -31811067   -781354115   -745864447   742405314   -547758295 
990990062   -502031248   131910595   -935881323   -505687196   477212031   -825027158   -810324297   -944351927   -759135337   984618777   -400846288   84111415   -117794380   -646890381   448177475   117327480 
278394067   499773562   83503751   326202588   -219592907   568820561   775363011   61386172   733271120   -439868052   315182117   -246038844   -23421813   -658752399   859283287   841303940   979062718 
-382753702   -849175132   -330047589   -872291785   83729974   378506374   -834931533   603617387   -817071082   608025089   -598058784   -430014300   -534429137   350538092   767282630   -881970779   23770012 
-534906830   83221317   710697613   -276633060   -407972011   -368878358   865994307   -800826262   138875507   -33330467   -743568348   -62104307   517667364   -553273042   429480063   723496051   629319137 
-617443059   -288745885   274654897   95459396   367726675   -104525893   201722833   467860264   58356871   953700891   713338126   172181860   14461368   -549216113   424732875   -79685593   500627024 
-744727506   97693596   -684341856   534756001   -726242554   -878523639   -786655772   -222261460   14811661   -84082763   -394298174   -589787890   243331750   874425777   382380576   680298961   -624762112 
491585358   262828856   -928656975   189343334   380489703   114971836   988589225   -254839086   365915591   361079680   727073134   -663917075   -342837997   93189619   -866132446   162969212   812081380 
589526695   320057625   -1329929   -235333463   -914155551   94644622   991103169   261438948   399049755   505050676   -349480402   -588239072   610987625   -130564572   -425949939   -486376173   -957538533 
279821854   165920971   -342521641   -256184361   754559048   -184752104   -601301178   431902880   432624594   859983418   874437671   185554650   545151703   -765447183   185691900   -468760707   533958405 
532191699   -899900998   161059111   -378960966   406989569   -802983235   -624314261   128308412   -600291174   -703006448   -184948698   -502302198   -117052076   620885226   -665191688   -89044565   -785521242 
996060543   330559925   -196316332   -957640681   -779988937   958243712   -407031051   269198695   690839961   -945273196   -3659725   -152943780   -98647506   343539812   614803117   -524221637   837897982 
17
333232715   936770728   -681584552   335990261   302672648   878938998   830809364   -356437775   -763633843   391825435   -8598191   -894944841   -516229278   636581001   501513215   938697857   -17745953 
359537906   338818595   750670175   -430687210   771188247   853304851   -674779678   -846127986   -686565737   -844284093   169920809   -553309509   -313375522   -371968843   -851189530   691316504   -878826615 
45193886   -573812889   463779761   -385297219   -929702602   -314274403   399849550   -492715587   -718191303   -184511421   208490330   309465956   345505778   -215686362   -175508033   440719325   -630587835 
-210177582   664674624   -78630196   -730710085   -785772517   673253274   -804895570   -333897038   698424833   543251179   -542649864   -887086310   648534657   790850086   932285975   -580674005   986236563 
-22604819   900048441   426782619   -278525263   -383341681   -937629722   -621942259   -773642300   -387450607   288238969   -551649986   -568713744   -775685759   -847490558   -798446502   383844934   -699215721 
-665042716   -142525338   560860228   -209665503   371791929   505997984   -175769821   410770546   183558519   -662627587   890111508   669228943   874521896   -913660993   -915777065   6302165   -571666477 
-366187092   -699630081   -280808851   161570087   -256365574   879248156   390003387   486807240   -275399447   -501445612   744281279   -871492752   -78316960   -598383971   168775245   747579197   297269470 
-718657563   -373868283   871173048   -612314471   48642531   97251950   994470180   309992306   -123510658   -146589902   429622759   -773022553   704053035   -650324420   582591351   925907578   -19235525 
527964100   906707812   -845414569   -891999268   846653713   39893188   260693578   913982025   -304177434   31482017   -964698658   634710762   631408351   -195865306   -455142849   -269017978   321813067 
-100917821   553015980   -469792528   25251412   -312574612   894364685   202852602   674759270   475890289   761003011   844010060   299337777   86924526   819896620   540363569   38321453   910542734 
-986671783   260320548   -674041437   299653207   731828714   626584996   -81046693   -142247092   -435845543   -309144430   -304984851   497635670   -539280183   883391509   -585467524   -356714532   51092248 
862786448   -803459576   541817001   -596770609   -319577220   -45293554   863860234   516716952   -828226560   -816961193   -632005850   329425527   -678521201   -44394922   -621997528   4883612   809724960 
-182656729   -899936874   936167000   -766382370   -330455873   295181424   674640023   -919023717   -283364246   162958142   -714964126   118722524   658895106   518840763   152426115   411637961   852144945 
493520813   -548218702   -864464804   -156717418   -499552680   815804568   980406447   -887219652   -723738021   -961030072   603782302   -623536357   -900948113   77317683   334943738   879080114   -97808208 
392749021   -674994301   -517841924   -882272309   -144423263   -339699687   -441842889   -271663124   441891410   901342265   182659116   267496835   909639990   -837798207   221335930   -792175172   866187612 
805852268   -513381993   -964490663   -499067906   -680368531   -903672441   820694617   429866971   546728199   -592826987   -82246940   491645420   889732441   262995369   918146228   -274191371   584448475 
935233233   44825575   -847347572   -988612187   653098635   305934663   190579394   -527418486   -642501559   166399790   512324347   -995052612   -798622046   215428225   437176662   -528251037   191364203 
17
870584827   -394116548   347776662   -260536569   91445886   49424399   953420369   417213578   983023583   -232738600   566385756   -353908258   -266287731   306604534   -860978662   4779220   257867925 
-322595257   -897096606   362438049   160292996   357944826   -28412721   719829581   151705692   533530921   -645816496   803801373   -198695879   253690124   -155301298   -933956797   -258121198   -651090607 
-114437205   -59993538   260850691   -206191365   137032808   788365975   -913807553   -418412371   631038095   -999527617   -201289508   14093213   92273310   -30805017   -986915586   -264542700   323107424 
-163096584   -657920173   -590500141   180850543   704377495   365491766   358761867   -932775206   -630305846   368360773   -86362715   405286002   -462981375   -88641590   -447012465   131134101   439182744 
-996735484   -543513010   -377923637   714758996   -847506094   -822967015   -466648857   965174415   -53456132   512649207   -265955669   370638648   -446046935   763970629   948742742   616477435   45012106 
175356212   -460252322   723954064   -76113319   -971497092   858670687   -930860077   -42496324   -320788495   -142902096   626409072   888447058   -137264709   -399415211   253142924   -844333289   -785697939 
-528784553   893915894   -215416381   109703013   -353448515   -921528467   754542260   717214385   572080137   -440929333   -733248388   -514206264   41138512   176488988   637502514   -334988446   41183228 
605681749   -103263372   71581860   945063924   774694342   -868898590   -361482768   -625420570   524118690   -500354236   -714658499   -158873202   -453436173   -65680955   -78876156   918819389   -453220910 
-842617604   -874671474   133177633   878532136   993578662   146947637   -631918157   619351386   320506047   619367350   874231938   770161858   -992615213   938581991   687161189   -389989669   602875760 
637167294   -385925475   -823907166   2331603   562517596   988957384   464276685   998232399   565727096   638125848   -886767475   880003983   800882346   134527071   357067921   -751715998   -880264995 
-610691811   393699491   -439529961   -61840319   661227065   261331558   -136952231   -239507999   998763702   603274917   -636128568   -187283826   -611939054   497452   804998130   -769911526   -460685367 
-749699280   -891739217   -460790462   975720456   -504238376   857676118   -612953042   -290396483   -618488503   658852451   -977125486   19793703   292855325   -807629907   -211826975   -54667204   -622403841 
45469453   -373857280   -398163451   525171619   850831048   540267453   826044158   133167133   992322563   239910990   198132421   540169233   387951805   -55171457   -991402868   -921799015   -955270191 
-173071326   46790820   -386373875   304898870   848880275   -8720163   270796666   926891990   551553950   417112295   887365601   -702121996   -329307780   618453746   -1231245   -891271118   720084819 
-854307370   -645485096   320193956   -950595814   422639729   810208109   88649989   -676560076   655475762   -718567242   -780562813   -961095496   449443823   -264588031   -66187116   -576840482   -867140065 
-550130501   -451150934   -411286497   453301874   -740413913   453573370   602492204   -881911389   10469621   997309008   -637188959   -423111550   -142610546   845004844   571341196   429183981   368851043 
250477709   -79719390   293295899   -1183708   -622996385   502697499   -13858664   -840656958   -81385167   -420205896   819744229   -564261236   -615019681   -223919909   255557746   916930265   582731452 
-1
