17
12573141   -116082557   716698899   -216492406   598579210   -334375628   -719829976   -156218275   306004481   947245443   812896233   -243480689   706132887   -318906818   904046459   95358267   -356104371 
145435714   974984788   88976950   -873123644   -524330709   -44556423   494500448   339737452   300864938   952635934   -806582293   -500483078   541115235   739510719   -988925460   938418125   109996347 
-750222620   535011996   170436638   -123879598   828291299   653348517   688886027   -750628752   -432522218   -937314322   -923936195   -876353875   -656690954   -480084164   -199962261   581950171   -945603144 
414878492   999873449   -785521179   -655849902   -808132034   -200855168   769815178   -214606696   619486407   212233689   843423583   -443608687   664250860   183197021   681797677   279013208   -931143992 
367629738   -327583952   -440881076   166293633   257856487   490341586   -602176772   -738946925   81195253   714855357   990130570   -21164677   -169800558   -608468541   552648775   -408979565   986086112 
-297108548   240257964   594963397   75050908   595816371   859250672   -568346235   -684866931   -529610189   447057809   -356037088   796344071   158991054   85070095   10789215   -475887835   856642548 
247672684   -100081977   -508631058   939901538   587142867   -818864895   290049389   -794720320   -63258004   325694334   310586051   424986373   448218956   -273971682   -185393560   -114528768   -663282030 
738543933   631878362   743891309   -2771786   62122261   585665425   -5390752   -937740096   -338322174   504869331   -791493456   -886677087   379173784   -498498182   792098315   985457460   960663974 
-332962258   360938363   1122545   101022112   -942907021   -170063958   745198661   190553346   -208318520   -517944304   -84951286   208214960   -663518146   125449187   -467523398   505521940   146585952 
-252329   -784159012   273585661   838466449   991837873   -526530999   542507688   -387756460   -686042005   -826632634   242518940   -641322216   102021011   871040704   -562334324   652201544   -613616732 
-708723456   -192002858   -972408123   -438726762   -320046971   524472630   -704461365   -787119781   126763341   -538906853   -303289337   -899201103   -918622433   -926458042   -497132897   509630172   476021287 
234201712   -967007257   280781545   -990223446   773297349   -535177770   38852049   -76660249   -492420622   403133462   498239885   -651840140   657484667   225349791   52847837   -801097946   -473268579 
475163656   837291157   472282283   -59281964   953343889   -502812367   -167301878   -935169875   -122912942   -541539413   737469192   515769547   667985059   -276601261   -9995295   332257843   295529855 
959309133   753093417   289241708   -879044573   371401589   212149126   694853917   497723193   -261925967   -435074232   577831998   -847061880   -695275313   -866511751   835878440   -332014610   207212535 
-986694121   984510833   849539796   930079980   391821   -263709885   321666248   416865499   144122540   -485294183   812681961   124480953   95488849   963641641   992923001   -64522545   -371243204 
739577016   370188075   987052241   -138586687   679900197   695316331   823026625   -926510315   258876654   40530599   590786615   926266078   -998656914   -320092899   749335658   -980913247   933392619 
301364365   741317914   -572163517   306430699   154453531   479170778   -376768547   -940467382   -664058676   -23535070   78956560   -869151622   906785303   -812480767   175520016   -928151818   -243523662 
17
452833330   -452523087   562966611   91930717   700508585   -530531307   -306732584   846304482   754111796   858747154   369763160   488329363   -464454425   265724614   -995863937   76186609   -469947453 
807988272   668427903   -14447299   331762736   -42352447   -726560803   -453783809   673021509   -823007693   -854437679   -190309922   -200562172   -542887843   486662954   729816868   -352070510   365287325 
287643003   153318133   835935045   213612732   -723500007   -443133221   -589166183   611063321   433049306   292245446   -51785361   -614934121   385073302   -865729583   -700724524   172029738   -444063230 
-748264466   516788502   50712715   -659015225   -660701468   607655870   464762688   347929806   709839991   -752810620   -544018685   -167914785   -773239991   15196894   530079515   -771412657   19691798 
-708114212   865080233   -798029673   530988416   -958196333   893512770   -272272798   978914825   -983330973   943614397   -409681808   -55584081   -753654889   -608628196   -663710052   -606437912   -968943651 
-781668867   -45040406   -155208598   -244254827   -639703039   -689809223   794501355   67300443   -949487227   484679608   -696946709   247573699   -468834258   991073257   -197536918   8777281   66908939 
-715511485   -679266267   507772923   -913348194   -950738360   -35961570   926450622   455055310   -473378986   -839481645   -107875561   863057674   -213303867   -533856366   538405128   -979099589   -940944218 
113397122   -466097717   -422540101   558416019   801666813   -562687208   -903461780   -809968197   -189482617   732987553   -163613674   682362897   -735281779   482693596   764198208   446592461   -565886275 
-446378847   -349696881   -328844615   -452551338   962417229   -414650646   -909845336   -875586745   -654837296   208439924   -342942707   616651178   495729951   711814073   -454118709   -222891119   -752148781 
99403480   700825039   -894389271   37034666   730257177   731896757   -261623185   -408564657   -476910544   -803489668   -603069666   388739717   -680461594   -435891500   784195317   98118649   410841558 
288830038   886395928   75751487   555842387   5853676   -891995747   69513796   -737639494   734942346   -155841974   553514857   518955747   -308653111   238027444   -690032966   -509376830   -218402716 
-67643824   137165720   295699153   190958490   474476100   769434741   772646191   -499042868   -333895861   -998831386   -910421168   -985969582   -762111874   -134924238   985139823   -804676804   -880354992 
-477869185   -704703403   -151767741   562134583   -211804597   594773551   -512590705   890957886   -713530184   121499225   -738067378   -361503265   -35433584   -310130464   -595631441   82804806   372943369 
183313127   184257494   206631695   137750743   -306022145   357440730   -127941486   -75611635   -366967257   797117538   -278614637   724067568   121278786   -763335528   785977174   -481404551   -686793802 
-8086515   178160056   -564673310   -987572868   -280982846   698526905   959471998   -22553102   84821816   -430397961   -131853565   823825579   587322516   -252046993   818152926   -98522218   842581405 
-152584913   261652102   -653046314   91734635   -549939138   -797857308   -64988059   -735701280   -998090204   911405515   897808587   881512282   206316285   317191328   964915509   -407307907   302093181 
-734250814   585034546   -794714111   -259328256   818586056   -953253497   861641774   -935086110   -525856342   173560736   548982056   494455675   -188294663   -323338723   640537166   421838940   901967654 
17
344965842   588372214   120932673   246476927   998343107   712520250   -428246977   940940181   482710006   -86810448   -69885537   -404035581   792811561   650351235   -574050720   537524911   42294840 
-829606165   148595497   892040929   193328906   -252170325   -207827929   -735960501   762033425   168097612   -715748937   270786472   -149058121   629755066   -469808759   702050962   912108681   -996863048 
506229607   -993271401   788679270   -622488988   -92622535   -278562231   347034255   -906205775   -960032080   -44755803   -193438801   562481388   988732620   693644492   297233313   499863919   999119344 
350986477   -245067605   -116554268   405523922   -477780210   930089471   -831201345   -802008593   160576613   228083633   857041215   -1465324   -229698369   495855133   -218884654   297658083   -700393716 
942199192   206834965   -839353963   261012854   51746209   333316329   612507374   72449361   7086730   694398984   797823211   -990894499   -98132214   -589250271   -566049604   552584593   701757125 
712211970   -288240638   -187213358   839642736   -7191777   -320654789   -401990366   460703239   391964718   775092428   -240526180   -30104959   -435223387   171874373   -400609306   -723482265   -124024693 
-17609807   -469157820   -457570654   499898837   -476212055   419891558   -298933664   -494256256   -778448608   786350165   -648918686   -244607810   -69135807   977622671   -611602715   208521068   996916102 
364579822   554840534   -349693933   901737589   700431642   197986994   -452628215   -818114915   153734743   481211637   -915394040   914446327   238316156   249346466   132347848   731177138   757815855 
547618597   -183892216   826366251   -995246696   -145429157   -776553164   -385922828   708386267   -29852325   127125678   363072867   -276629755   -446705633   602023284   -903573279   -78519295   297865285 
-160208549   -891380421   -560671914   867169178   -464921243   -430082990   -183147472   -108879911   100339622   -692568511   17585268   -665127357   50473087   -739002430   -247614585   200741785   325384494 
155073717   62066024   971811578   257839343   -621969885   215522523   -547746396   146124578   -325488288   728466775   -405596351   360047429   -231267321   -902707633   -831260539   -591962005   373911927 
388532368   -426585490   -456059006   -111990358   241226731   -714783994   616329445   -350157078   -31919375   789951542   -508678528   4833655   829307874   510739440   -244180200   730698825   38610416 
-347910078   807417427   570100899   -589447484   -101727671   803774030   234174375   951077730   -823693621   963187930   -570855348   -325648718   -29682504   954482616   -474649361   -606121809   53488082 
521191310   -321274427   417700429   -571442606   15867212   -80072032   -187453780   -838054932   398859713   760093163   236100882   -148641572   134586800   -508280544   797121720   886789647   -969548794 
265352443   278277270   -355827246   302512096   -667305428   793500446   838623014   864739784   234126433   -607962460   48565952   368775784   -670447369   238667495   308011363   -761199049   -171479727 
-441946783   -322100218   -857833004   450570595   -849305381   -904475320   -558521186   399091041   -542033390   -919769070   210360122   -442912061   -882042350   -325154558   526212644   916035792   -465655647 
378912090   904934839   -342598091   257566095   -592726742   442625048   400663102   608083952   963911589   -564067385   923528861   176551582   211910921   778184594   -138209940   115576843   -836218191 
18
218982773   -309186748   -76393964   -302235704   822649831   452012480   -632084452   -508283893   -874595447   -493240794   -349243814   -596350898   -954737276   -554668068   -656302459   574472035   12875949   -377764299 
-10785008   -601118475   479486271   -988722123   -660580409   999935047   -318276641   819473111   790351408   -845005834   124457877   -620702559   813481505   -69172968   -341825128   -635008386   -945425033   159122486 
-885275350   -307062260   852376742   -532297956   318878053   -801119370   -6920395   411039534   -852075846   -685240766   -622008048   817111821   -871369044   -829441374   841741339   -151893548   -295053918   -150166661 
-847508859   20472544   816013539   726703793   -888354103   336906004   -572782190   921905799   830006889   -463773981   -448634269   439701833   356063939   -538170903   55207740   -416449800   4442265   31629985 
-372903129   677062594   677157324   335327787   -526531262   -718090955   899715884   -67332180   929941057   55396605   -578211429   -684586616   984539041   297776530   -606302888   -784675085   342289702   822793111 
-616293085   -697594081   222072881   -171985972   -177198785   -474364800   -663432749   556892800   -213453233   -620637591   -703201131   -324990031   472583789   -292009298   -927649777   -559096781   -188354876   615582816 
296429421   995416126   -917986375   -518643647   -905501212   25394903   -625532995   -442635522   -376808914   -787312406   -418426962   -151814125   -550591092   -558044421   130006438   481520668   -436808966   277893146 
-853232932   -346079669   -727172311   602562862   617509807   418785020   625156819   -269726352   -188471228   260834906   776266050   997827246   -311110582   -124997173   80016562   218066945   576110776   -950606090 
818977872   56909446   436498039   -117205457   642482751   230693023   958723727   374241490   -238802889   -695368000   705696611   -747698614   578869640   -841222907   -112339984   -657210548   -912815324   -563941688 
633555068   331851653   -113380841   -744272733   -55060847   -378036709   -413481598   704180010   -411887532   310014827   442971140   -521657806   -299246925   -272781817   636708195   -194312977   -787757085   -326292654 
23392358   896974957   95227961   737785858   510032032   -368005470   59143298   473289730   763257135   -97124370   576716399   442994963   -198140491   876614044   515965364   -661905731   515742896   558051443 
415749957   -106333896   575842418   -950622969   932822180   -280519248   396339430   -891489815   -983512687   -116479524   122900981   316584047   614363970   482538412   -583016885   125296206   44800077   -894737680 
554826590   865000456   -949935926   364337926   -31034494   -823047237   -978362578   257991344   977405791   650548236   -134213627   34460386   -212135201   887787688   263037645   -754188746   147098220   -400862043 
-527941588   189300362   492464329   -163909631   -968377710   -541999985   906378346   875018023   936001058   -89357414   -940976417   -144792622   908869511   -641509149   320703336   929484314   718443139   -325441452 
334311263   527755763   -692579734   464467039   -748609910   -683064644   576950703   688700192   -163142282   -981805240   127923756   646655371   699258149   587317165   531258867   -359292399   444388975   115521817 
-817297544   -678019190   -976218491   -616721857   910456709   481582847   -25449358   135810482   -144562264   -252133760   144421590   70146357   405380350   -396686515   -796311671   133302693   893320521   -784916034 
-564746336   541864575   521146255   635264553   197810823   -351419371   306944008   440118360   665560711   -297166370   7198783   -289141016   -490677804   -536384694   211220933   976552482   615845960   305699164 
-296158878   492796480   281426227   -530709458   543614742   922616111   -269550265   924123487   -468650199   887159809   586484052   -650959895   -237125193   863105057   758907572   115837877   143946472   -422222730 
18
-561447161   712980572   -919975627   -126223099   582892019   764359432   -180550149   39561575   32557741   325915487   323969829   582351128   292256446   897637412   231815672   -654319732   287032510   111649670 
-550474540   139764740   368954986   -683785465   -983133127   74082515   -575081362   519524206   432019182   -122242901   807398983   731953561   377180529   -847702617   -281280238   426780880   -221666850   611076141 
-368373711   -462798315   -922823591   -120017180   670436742   -632094323   554013709   -71575901   -987874766   457376414   527762879   -955747559   982352686   -474726238   544802588   648280733   -903692801   170075443 
-69215006   -402850330   101155561   -789823374   357050778   816347757   48064287   -199735073   -201957845   833446172   532542964   198339176   -746912120   -401016594   429385269   -51386483   -998891922   -262558645 
640046751   603477226   -679823364   53287872   445725003   -679052522   -549206576   -278070669   560874189   -501555268   88121279   -649031531   830004080   -328069932   641111786   406150475   217925714   -147259097 
-777110247   475667863   -156604582   -200206791   -78431802   -810976815   -928289878   482663154   -65165122   -330626423   -276852706   -378919381   866724645   854288018   545862549   -483291798   -380831139   -990750795 
197218601   -501255203   -20181349   -446498025   892968068   88760704   -743893073   -34397951   784171847   294024453   445237659   275695934   993178315   -415800746   500235066   743482875   932736516   906761289 
21258473   -619051905   -146056153   834382381   -482693053   -690139021   -607252212   576160041   -191996309   -341253332   -8843277   -374414132   786679039   -976586841   -464268085   121458627   602391427   -69850532 
778344227   432285558   -53290804   -570076151   -461676780   154975543   -415869404   -911956058   -39714171   -827223096   -596044413   866970172   -800567423   629380224   666077729   11808090   -948129093   -580374348 
161866070   1321946   -3092780   -396679189   743322708   -271083504   -530264901   794032276   -27423744   -832399477   737413875   -295015705   907051563   -559150851   -17941851   -374717730   936401974   -981661057 
716525689   344921842   225866591   284079345   -840024028   793560124   628736645   195113083   -715788500   -942828491   799859563   377650641   360033004   -371856785   -507969065   238878377   -596148970   -228471332 
-959481850   757179584   860766868   345728043   -860274510   -365475354   582447517   966246291   745490643   767891533   -686935292   -758046191   546352997   -81025433   549535364   -913504120   -699574021   -820177586 
-97683227   -19719350   429182953   499086870   -531733587   847062453   -480627703   -759703797   -284557588   -670184271   -440662480   -873945454   -660841532   16416757   -270799568   -116429405   -270649709   -637751268 
-808293479   63613082   -407528611   821583933   -797697821   867334222   -50305607   221904441   -533658337   753450622   -922489002   68298052   -844990961   -987930215   390195647   701885720   -445474369   279426839 
-460474789   475875693   -504093944   -331408380   376159756   789574973   -735484509   -675303815   -989162934   -99677963   -239535097   887260984   892901472   -279620657   315818249   -790247563   181978793   140947692 
127681236   -112461815   -212488786   34274889   -366461378   -802238175   -452902913   563334091   978683601   560523526   926325938   -636777099   -916358827   -117334643   818592349   -231516451   259001991   291693558 
-893158596   257767304   -266654842   545043164   193585163   83535866   444366381   -792614987   -460346294   -137795469   -95491969   -620945414   329350544   -245305130   719817347   382428981   545615231   230565038 
215567559   633030209   -618909917   -322575994   -772866866   768725478   -523454711   -896460136   984576650   371998038   854574208   -885665942   -794558723   -863121413   837213689   223043009   723824792   -177908651 
18
778294468   -296428507   891293055   260669543   470819704   584333170   631961873   656847535   741188444   -317477911   426772164   -775465567   -659370029   -614724414   828019884   646159888   -47078222   -226924918 
196427611   638883231   -804799714   850921655   -611798223   -906233328   -257527438   511076787   183059195   -920889261   240148586   -542390752   -441872865   -809259789   -865015650   -704249821   177926347   -62708712 
-178091009   123613426   -966795309   849922663   987435649   211123398   433979991   -96390861   137813745   312613506   -66822736   215258355   989370390   898839189   179463379   415116442   -551636429   -268333371 
83718489   -307569921   -968447215   307903838   428559269   998620040   286600638   -857906120   -261032747   570020971   -181424968   875080007   -548299137   -336781809   483392572   -686799336   173392791   958528678 
-606265116   -363712901   835468633   -537700281   -929920694   563124003   -136353434   830808938   842480405   314738027   414736243   -90405606   -94450440   954673847   981473121   -978129005   160598756   -986377517 
-927824719   213543247   -555858856   859768783   -500088466   -814503218   -314588680   125227919   -940927094   -175243663   -218971545   -566643516   -68837778   844801699   495570733   89860773   211421739   173571612 
-953838723   318320796   -979883944   251146732   193988846   271986658   347817660   -361073956   5386658   232338697   -596131876   -440704312   976830054   -276239956   974190042   -340628908   -859143787   -615217131 
465554176   149973916   -855044637   846138258   -790870277   474704038   -164356081   494766295   -419675887   -120813471   119927203   426106031   -246106977   -952551039   -842838942   -665688086   -416752773   518347121 
67887951   732918311   -827918541   -205338867   -603933221   -16825165   -365744838   -494866535   585138198   -971004132   607650542   234674017   -889507587   -446161835   499108984   568075167   -863319819   257947989 
-62939152   -211181698   -557857520   -812229946   880528082   -27175413   -722409985   -862500324   592276266   -818990987   317384239   550718754   676985099   -555291848   -661597997   265115959   739772715   647930076 
-10013279   635062512   -617899245   352022984   884115223   325304152   -436422698   -633219630   934348484   -877958368   -398499639   -86936793   -226816772   -120167606   -871603306   -205709050   638483058   -332424329 
-915265825   830181416   484083562   115609688   527021412   627438261   814504699   3021003   218434596   -435725718   810639372   -10629694   816795729   284111632   -56707977   789235387   125092021   -837417570 
-124571423   334333817   -889824107   509569557   -876392609   974396810   837525066   879506622   511774710   965937319   -191913722   990154718   -853440849   676268349   798085031   256753175   13546524   -644195263 
457785448   -559148997   -111571209   528055700   -582964963   264282710   -933416865   847535624   -534754478   508575247   198908104   -383037070   71476083   -943964754   572978141   -29611243   887572839   -937910798 
789834800   -91241053   751130163   71168426   458398243   178823182   -688688691   -755871983   -656560718   -876810992   -657007657   -457244666   587290707   -472781017   41887431   820077437   439062324   968009732 
-677680744   395736680   -438671350   970619011   298385657   655736369   457482911   882138345   -332533760   279690959   626421575   17748290   707717303   205817957   -903416801   293683737   -890227370   30795558 
34751294   321910264   -365324154   995048363   716471133   8125395   -507142080   413858138   -110835444   -111970685   494718929   758741211   817293410   301336224   262594190   -159948277   79344244   511747363 
-365194709   59022853   -381768815   -191890075   -771964192   652036287   -572735384   165004319   -765175553   732791783   -958536324   378191469   -451152611   -917226994   -414206079   591067444   -466418014   359070758 
18
-218389098   236512925   836774470   -447148462   823128824   112051092   982741709   239782615   764799468   184773862   947523538   350155029   -53602668   433791508   617489950   -999918080   -610243488   166019680 
99702019   -442166640   597092661   -404812001   -724790992   553326524   -11935843   -257205632   -38320635   57271180   324448343   441514595   623462035   -252210049   -529244482   553545771   774762485   -659525038 
-972371599   -414481263   -108313660   616803397   127056484   599592719   113722686   851633054   -893796068   122791633   -152386429   -645895911   603438221   233642460   471218052   222855898   267828503   923273311 
10722436   -184878489   -295906765   197072433   -626440822   -314661246   312823484   -615762683   758291503   -431687291   -267505322   281899218   813942820   -825953147   -193229015   444095430   853748353   920793316 
-731906208   216660080   797372794   13278624   709593883   -296246332   -469706269   -889813232   535128108   811229128   -797329290   854113687   641434334   -875491642   -777862478   -257354504   127372759   879394910 
664956096   -306083533   -280086174   485687954   266745956   -984954171   535312144   -385800286   -941561698   709467108   -973436465   -914373838   -615451798   -111430655   784683397   -199346354   -431124939   -813332469 
376324537   -650775759   -607178173   -787998124   -46651549   770621052   375340495   -563699857   519435725   967707324   -991975759   -224186259   -469742124   -722056822   -781880151   -25856973   100584632   330478252 
531886090   546107658   240797240   -272204311   -816040227   92423352   -631917780   -260093273   -460772640   -855700036   -662643087   772635744   -886925099   -567741728   742487890   331079671   -891389955   217852284 
767156894   441144328   -277691260   -350853574   -259358555   831473434   -933953633   -361480133   963834594   -500320082   683627448   -678688109   227366133   -647062242   741447108   54835966   -605969384   -504122650 
144461048   -12568312   20795632   -231535773   -380671720   218062428   908993093   -279537932   347030845   -471986048   264265910   -622719926   702004910   459074771   366106652   -79747981   499518839   602929988 
-939580664   -816867497   586051870   -720587292   -766103019   502594627   501688116   895579268   -689984801   -685759555   -769695046   445714625   832264634   -445521285   625445000   -446629872   410573841   -58741790 
-253255323   -4244470   -876945511   887690079   -309952527   718771022   -94871167   -826117527   -804259297   -443828931   -928283486   -803740901   774894995   -391750061   645638340   -909715348   -174153451   225410287 
-334726062   590525923   961018861   -869141133   919182643   130617673   785374944   -104104865   -666830603   -552651327   154612850   514431401   464487209   -736173765   -529068634   -855839723   -449761152   -134808747 
-37663861   93524996   340256402   -174072089   -598462465   612548962   953294913   -354673328   24033519   -826679534   525677246   -80979781   -671190766   -809075805   -510499469   17154485   387944312   932154772 
905967820   799744859   -790908596   -794979208   713016253   798798365   512311948   -282210948   -635938455   -481847453   262902071   -198805912   -914625599   797723783   473181014   323427515   95899060   -545900932 
282423400   226443114   359317822   -588255602   182507371   668228300   640269703   735384433   -946010209   651193929   813314144   67545022   123276061   -61348607   -995690450   -801267034   -979345851   899905520 
474843706   -159508075   -265501266   173026607   -20827626   -327984237   435450065   554124816   -68447639   -509615817   -978606392   -964850353   -97985543   -691842428   -261975526   -855750693   184325960   -874834161 
-260739910   -523004095   883325701   -173531714   472793608   744934053   -108352661   -610073001   -483129692   -667901883   566561207   496283659   962319299   565112268   62280075   261154273   -937546866   -381715083 
18
102178120   -964165561   -599564626   -30544437   -988555419   53427293   379421779   -844332845   923311661   -166775242   -181052243   -670071803   983528095   332418143   385610895   73959724   824613398   453257241 
650187333   -284604398   -625490601   446304860   457321518   -229441812   -849030741   -213222293   215586569   -144911029   977638174   533149723   -486818537   547269927   -548409348   380583866   -781835925   -270197942 
292684566   319465532   -684505493   246047508   -749618819   -14759909   -114257198   -90884511   -589901748   -97862521   338969723   -732842471   -249499548   -684603799   -661265930   -99948696   919757501   -889106972 
-16491359   -319964257   752536460   650419413   548221816   363418761   36404888   -309281024   -101500496   -937594758   -65924612   220785729   891835225   -105385155   -257921675   270360896   -388179942   814317019 
-530660754   -292102193   189868846   963035106   -988718985   521344017   -179265995   -679652870   203761228   -934378687   453777758   294726049   16664798   944705799   716647694   923769098   342656088   585073687 
616811335   -643908434   466505856   498173732   747818065   -325389269   -660240463   207339555   73666082   -379543982   122776978   135104696   777579642   -860317459   -952733829   519189184   -12781243   -48569162 
498027403   252440706   792271815   -362350336   139666415   894260392   -101629854   455338503   582404574   158829860   391459436   -729125188   187604961   -609080913   -250110874   -5892267   528254211   -105102114 
-182381047   775987634   -462148195   505887967   -52964668   -709492614   -390639817   622645798   -296709451   486452525   -980020570   838804522   -977329353   -218813919   645093547   -928808797   566323078   487470834 
-941751340   -518389946   -942802246   683564135   615446172   -849374417   -999474427   -653980865   62275336   -806590197   757018200   115508043   290336011   -890830757   708198015   -829077173   106682328   -389252536 
886429588   -417579277   125129830   393010491   365041732   545209067   -145898446   527035311   311600320   73389613   -262888054   -475787478   877036374   -231431263   844514657   951421752   789393262   -928728034 
-531106801   -298573750   151147030   128077875   416348690   968876229   -922347957   776499741   310789844   -443608680   -935461290   81776385   898649530   646116120   -780421609   -725436548   -712404472   -267369244 
-644699228   -290396075   403106597   834756993   380236112   -789931395   -213486957   -578389444   493493905   119878177   -834895865   154413976   201122143   842236078   570839987   -270115137   604014196   629138522 
172973580   518542168   879152255   372458776   457315150   997975109   530183374   214568023   660582044   -919637509   -499093111   391286036   -572430636   741197842   762681709   721740325   -36403875   -167328707 
-286851397   -672778447   375220638   686249028   -64208580   -816503395   -101400222   74171743   444037300   521093069   668247147   785004606   -644502284   -166638954   -737482888   346117064   389484630   591328189 
-372232223   265718253   942353857   778467990   -314895218   99981289   -942778698   -379016166   215988611   944602927   -466497448   746799286   831061234   -485157221   -233707106   558703238   154318961   -279485190 
-73550417   -7191604   -995540640   -695641386   384087338   308652146   685865853   63519129   -58996916   965605200   -929498893   -890646493   521410836   -881493415   308574032   412318   -172066605   -665056265 
415419137   -511637469   -959323318   979976593   168993668   -571145757   795114687   -672679147   -406726918   836249263   734567811   -921450792   595713309   -403717501   335949691   792369944   -384761430   -330612023 
669881598   443475806   -489606413   -13730615   736927770   -630517005   476514781   500639849   107508584   -664327424   393721568   163755437   -1138507   -536665445   725758696   -189266281   102116291   465960814 
18
845126819   -997800411   990133503   619016576   -905242494   -80896918   -157443995   -420170470   615599402   170800250   206929984   -496796908   700379623   79141266   -30110748   -212734779   -924489513   956724386 
-547468241   -958985707   -326801155   -623234959   146660700   -37087902   941385380   327687177   -142930699   -300038853   -816789204   -990814419   312045004   782775068   922180569   -640474039   -400199786   -515370276 
444963987   -627592949   -854851110   350430152   53736984   -412379709   -335603119   153603025   541980468   -8154076   -41647920   -195504941   18440437   -435745410   -681677396   467671162   48426126   414963623 
-59217967   -879113085   220258338   -30160651   852459753   540566834   -478540597   843998295   625204070   -860039808   -86642718   972552781   40880634   -371686798   971595919   205264113   274485760   562436386 
175187359   342872416   543666219   958291562   -527491798   -956649200   -391766053   -820558011   730282256   -548742384   989200814   -65493481   742681432   -173047761   -6965618   -161394137   -565164359   -588726515 
-33303834   653516857   956231252   340752560   -641507038   117807073   491903841   966832724   111505335   71143053   589987389   -994997524   -226464020   195085718   751851478   442911528   -461037064   444699248 
537639869   -775771946   -157484683   -178324894   320967236   -672037944   576711361   -803250357   -63108820   317880554   -774402889   516805842   490284836   -701960935   112986761   743166382   -586306792   926092507 
-902914523   -846098989   -150032428   235362354   -303359635   428058541   -220826178   -570688541   37169407   210461268   -554573828   169884155   -267757720   -515949373   692502250   839530600   944541241   -847905126 
-821253394   -505241569   -120375543   -412262833   560484502   -829053354   677454793   809799570   -168652610   582220014   291870248   330878539   -209385888   -287848762   993950255   760409454   964305041   -869802552 
369841470   -147953608   252405024   -990486007   -930695808   -430521256   -536948879   834734037   347206375   918310533   43648664   -12442518   110165174   -631564666   -869726446   -415716611   -334926353   417288331 
-132065703   73006225   898739877   -766451870   -421811386   445760448   876174098   -688218541   993526821   303264228   -555084740   -668161651   67021314   956871672   -430564640   296457261   -882729563   49992269 
681118880   -688924845   331259771   243556414   -61855586   675414974   -461409522   -593869171   -981271758   -792274706   306208851   487748944   313140211   379152803   685913913   -53997939   -333900287   205652052 
-794792101   895843782   140989274   925009857   339082157   862205377   803946750   93081274   -689346378   641256097   -287306525   221850236   179865562   723209506   -451029373   -726684863   7118550   794081890 
-27916334   -768058001   -926212011   -347183263   799877749   883239943   -638374199   753203732   14205752   -902177918   362822558   -555089623   -394740708   863960706   157108329   858634901   -36806650   -326712500 
-739904737   -102545816   995831874   626499389   -680653702   -445435610   943541584   -27306290   129656078   -543519221   208209215   580234086   933242175   561784598   728092636   755247071   -53603914   -917600571 
336187496   -679580746   950021519   -250021336   -908191248   -415651533   666733071   -265642166   -103940091   -595646867   470217569   -697673253   580747455   851928118   708055720   -667620882   -405860223   -250112551 
928353224   -582586065   43899439   -545087823   926548638   -433496322   -728182038   525988537   -473732337   538432776   -882323326   294708448   913442606   430365695   286879250   924008288   -858484240   -322643279 
660852595   207811895   427725605   862308685   916573268   -47268339   -547595651   -975936174   -264549282   -531313468   196542452   942577315   525026059   679573923   385731061   -858889871   836050301   -169037720 
18
642381597   867752550   328692723   -286400815   153300806   685281565   -509626317   745466523   -770953682   -9242235   -617976805   340181539   -594569014   404202808   759959290   731780061   -221357115   329495317 
577149690   -781516848   -952191738   -202866709   633329551   871515367   -688082036   109321858   -165241813   382893669   -590663984   90548361   300073900   907476118   -854331682   -867645976   454550039   -840907564 
350794606   122084577   -96717545   992195766   643565705   213849831   -229184287   899092206   -693770549   -803907135   -848075792   337088405   -321360583   -251032356   -810822183   22541380   -77942359   839865386 
-291931746   -944780297   -283985692   636237395   318278578   -769817670   357718541   589893839   887142831   -788439380   165784181   622700685   -587429221   -384338771   -764085545   591969118   899546368   -813193134 
-31504493   -366883036   449814179   -252830103   465200363   -42375269   72438606   428075686   -644451593   -822616564   -118213232   -641291488   141065970   159501034   223559961   711188107   -162509294   -46353187 
190947745   -35938033   305321078   911205682   433923574   -859785194   266368241   -802813380   389487325   366909916   -7198478   854160834   571173109   97514475   491503752   -453154396   -850994477   -935088025 
-139867347   -968045309   149514391   -589060432   78947170   -18305203   -895635969   341268136   507910341   662794079   10789546   -372624739   -530909318   -323454168   508232156   289638450   103688032   -869312313 
-67283378   918108930   226473569   612517545   224255963   823168517   714537602   -764312923   730432935   -940786687   775254319   272476645   922354671   306246752   183011197   -196013652   -604707062   -551295585 
977800145   751509647   -531723655   289597194   -867333989   948084416   -510175670   169754288   -147848669   783427937   -312444196   855479354   945765151   875686154   272664078   -343815576   638857611   1518395 
-210277841   -886339076   -643769383   -175961287   -407582621   579236615   886104769   -27965940   -206346620   531001098   253870231   71039900   -480169433   564530039   -771621744   -272873849   494415941   609006379 
10786835   822044972   -388802904   385762690   -637010125   -907286557   283150196   -711158784   649608700   555652234   849762312   374585036   -975724226   695359122   -276933669   -768474690   700716440   184987323 
-895575836   651335452   516836426   543194368   -762740643   533652192   -747432   964847303   -746913812   526583125   -683131185   -581583225   550351971   538258675   -745977136   481832255   -567536204   -43825790 
-117463791   907340910   547079148   6130135   -534142049   419210076   451770085   -685468169   254195020   573418906   882436085   -672917901   983702657   251268619   -647820371   -718575973   419926911   -290071996 
349867662   -768890110   -649844131   778876120   880674014   857002601   -204340296   846424036   757775522   -57380340   -95525504   -481408007   -651959253   -898987522   660264604   -354758148   -470227445   -827667365 
-388468827   622120760   431304021   572892173   673370786   494513968   -212194605   -486603325   -752687223   703073445   -400618317   852272619   484332668   587862088   -959435070   765945476   436447693   175901781 
-822448142   49097631   -11942336   -259512006   -209104376   -756349071   438925669   -309332736   895075690   343810273   126897908   155203003   740090912   -370761286   963475801   -466568345   569196914   962469931 
-2910862   606651666   802596587   -978467996   786033712   -898075   74726916   133888999   107286822   -266383577   -395558376   -335806205   -672424490   993293928   -149432297   -478709280   -911990562   430945065 
-804299591   -300570676   -452437630   -212327276   239354013   -364511101   134153884   -549427114   -187281256   458645211   874644406   -226597334   -387532848   -884466312   -969704550   -256196652   555643473   146088090 
-1
