18
-710343105   33668639   971943673   223360095   -566520643   750752136   450941963   37462315   526399932   -451786138   472905027   -993912796   -56296029   -702795317   -758967423   -647774412   -331086244   112962694 
-18279413   -64943191   -807685541   -362798675   691235090   -11602487   911816730   221813131   -864742259   -504024461   -420711817   403826809   -311207500   -829135951   -456810733   194847344   -760012276   -917358454 
-673356794   268301307   282561896   -310540201   192243690   -797738165   -444108731   948486240   415977283   -421810862   -255801662   -169805903   -841428691   776045312   -829157176   379832560   -439830625   827556591 
384406010   883487826   -72914737   327786461   626671745   628630408   787582889   124009514   602867593   -94675633   837601459   106973538   -276425950   421628899   -275661471   752491440   -849619468   -746485380 
-745183474   -707085320   -382482375   164516734   -612787586   343208316   973239632   -244822481   -671870282   -172343825   -160904592   573431780   116898621   -982635905   -451258951   -49679170   115011074   -187106711 
956178789   -621620048   -864275633   -289563964   493732190   -461797409   -675487316   254327386   -414633035   -151005265   -781025854   -546738966   350104966   -803582483   669921369   -465671053   810569822   -915010633 
202591406   -666542123   -852753219   -330206847   138939870   716216451   -146411872   294442888   -853850833   190214498   -690182693   -147704492   853775351   12715112   909724858   776845484   -353082913   43310270 
893484732   -82573278   -890187921   -412021880   860545005   468821710   -433366420   529025471   81218543   165625474   -925177404   -985159413   -533140682   -255218662   452666370   368857586   -576495717   559217806 
601227946   -471621108   -808310212   627018201   880136972   -132808114   769239208   -864144319   -402645084   -363722799   459051682   -953995323   -153635104   32003186   -534796431   -837785698   571513337   980686562 
-470385846   -768458138   -963314790   -479299317   -826663179   -475176871   -220805920   -357646944   752017656   -77327139   832192892   -610131817   -358058479   -67328920   429538056   477944163   364057592   -549556170 
77628476   -463668921   -626045173   -706836298   -869476540   -425858326   823744728   -167702587   522582321   205389061   -770811296   -631292423   -74244832   814393756   -62412797   886437643   239244953   -879719932 
-773929765   -811618380   264088733   -893345934   892269038   784879697   -666724428   277352434   643293652   -314728986   569975953   618406245   -529828350   525861459   -185347818   -827994265   -59508516   445078892 
-667706964   -102250818   652567442   180969020   -32169594   684122302   -493431236   -433651830   243530771   -970466776   308666062   564182895   357553530   867759396   -80079248   610449291   -70433890   164928464 
-702336853   432453563   -431258551   456127200   -670355125   -189794902   -844773642   -475931251   705356562   -19425171   761574614   380063222   -545129657   990417197   203117144   639722800   -839192864   -943116685 
-842979442   -871235617   44794440   507333882   957243142   159065179   -479484470   155650331   -920301510   -48924915   116559775   -529693629   -199835431   -827173477   -998513055   159779964   -548859234   751294439 
-86590875   731636115   481021173   -512153237   -60321808   681113954   -616302003   732483647   849380622   -120417409   672089000   287786791   828406503   -107598519   -926367175   634337761   979509805   -191332328 
713233598   87090442   541972857   -18550038   -882842887   -61143695   148494720   501499029   608782689   -112711795   294672736   -854959130   573027560   -883770142   -98764001   877196888   -476244195   -46559416 
235668590   139521285   -752406550   189280090   208165042   806382173   -506378479   262417103   62422062   605817418   -911119304   647189975   636542258   -84810945   -855807503   21312073   814571910   -37012805 
18
-669324458   -405994383   -365077526   -776257558   195028688   -905496630   -725687835   -820921190   -111788262   988764247   234962597   -459790135   709756187   378063770   763416439   11521414   -842688854   87467726 
63718414   -53880816   -605304638   -45969169   -755725070   -446455292   757861922   608325380   216982817   145577335   -140342646   -34133593   585532109   -236416793   646675860   -417811369   565535005   748968248 
963158781   227394259   -544761543   -772860374   44211570   -220654180   -712324371   -668337867   -709315487   466200627   248373313   -853356208   -568928305   -310165014   131961585   274014716   -54812642   -169446863 
-622687085   -863292783   -884453552   918307876   224289496   -65490046   -414420371   179635345   775189065   -888805766   -353469004   -549594668   800300702   -69668885   373606630   -158096744   15537638   47744285 
-313707291   206346541   -163129510   -998702586   363156623   -402427094   396111539   708321620   -891045645   -7826894   81135467   743996902   -139586540   -668021130   915447763   299083813   285940400   880483875 
241088514   -848471722   374812811   -734077942   -431688970   -352697140   663912618   -940144620   180933041   -993323957   -531130451   462676715   371429043   482106202   -692200292   98199534   81621776   -775260484 
-870187568   -398357198   390348855   -49659135   123164553   179809879   117143459   -291929064   695448295   387556562   334691872   -616228921   -482839114   336632069   306426513   761650312   -387238356   -431544118 
99534867   -152368790   -440623012   371893872   95763070   196509524   -749881951   -542109438   -665369305   -38231756   -87762362   143065915   244796386   -779526897   438941068   -238335010   -942656306   -2229189 
-131322066   -486233388   122095168   -481815033   -703588195   319942070   -601403429   574822453   327030614   -674138656   -813590238   831861983   -992327509   504460408   433991723   -104661095   195765855   -944441019 
618921584   622933799   -214027504   589700537   -751345201   73582317   -978386191   -39942785   888851124   544750472   224139597   784244914   580790890   -169577384   -806390650   -372667437   496764816   148516390 
-416668499   -378926203   474127660   -235079471   636952555   -277932383   995871904   -399331682   446932445   -974456782   -852544807   -30840348   -886710288   797315869   864365706   -107194041   -997047121   621319078 
475528321   643495377   923705852   90055171   77119218   -27709417   425336312   -347577755   -999043396   -200629562   -580252243   -981435728   221973206   -513742722   -398987187   -934082658   525121992   943532352 
-237181333   -327384122   -398505838   -741780845   -114309278   -40489078   670365761   802705771   984534475   -493692229   476976668   -259794898   -586703470   -556509855   230355781   -833139444   364270114   -693211147 
-797219175   -226242575   -808270674   275096464   -936159119   -483701603   -143626446   -228509684   -545178084   742036294   888917434   396493494   -232444688   262185659   -171617045   554209493   295628217   -992607484 
945362197   741481744   -361851348   -256087167   689226106   -918669254   432478832   -631249519   636669350   885141888   928922506   -236432061   414675155   -746191225   -532884174   -177139658   218767578   139424761 
897107585   -43785250   169052182   342007172   -15148550   -4619677   -462488910   337729035   875413884   -396662263   43181746   600696019   379284030   -484329294   891215377   -792998410   -473146084   590387536 
-153821735   433977874   473392114   205639059   -181265652   777458929   -90998334   76984466   -376363998   -871820413   -240176962   383446421   851933317   916051287   -561986232   -431977507   564413526   50334222 
-276439695   -564822521   -264163437   835208730   726936674   170836791   865693878   241869062   95320284   -341571181   114780464   292583635   171230691   -642998293   -992327853   -603629556   406806388   -487457877 
18
-488111643   206293300   -376365816   718192508   -825697657   863188273   738717130   987764406   710001902   700261888   358955801   995432806   -371818899   -743570415   -543636378   351377574   178815470   -194588166 
-829119850   -54215598   -159734093   -785073107   -489387756   197164627   -763310992   -284611330   562753966   152460211   795051719   -255787088   -591915265   939877118   518815019   333453452   -933882987   55144506 
250724366   863443041   -543448174   -64652787   -136113739   415350300   -888712875   -412666996   785909895   -989308130   880094929   -591089496   587883836   -980784639   -528095785   128962329   661465201   697692864 
-601206649   714298409   -174188456   779532731   -745520675   372722115   548136176   9887881   -556782498   579256623   665940478   -412971752   828559465   -964218381   927251435   -953174621   -446075152   568481844 
-258523486   -925362921   451374453   54966493   609212594   -837963979   -600374493   142091377   181892621   -205644390   736585725   -41015803   794936003   -106722315   -966860227   574559526   -617199320   887568347 
-747633910   -935875724   757915826   -541373119   -848860657   -633630556   164490759   -168316884   726736140   772705051   46190881   721584884   40557633   -131641447   141038898   -913386774   -959216269   440962938 
-447029903   -120029147   250443380   778970716   -814852517   -940699725   356737907   420103959   45907086   999405636   -593077969   -29275437   254887977   423998423   -877621401   -521247360   -336771181   -559792576 
-946236711   959825126   295549774   313002643   -888994729   297219623   127379735   -811790846   -714726557   661085679   -541910332   21137778   -227098304   -185476972   -562201986   -817541273   -865427297   204034180 
348461898   -297838118   383884790   822566725   285776955   -573008222   -295243861   -763480076   -569515868   -274221374   -998692102   -112606315   790868180   -168218805   463894212   -495485542   -193198618   -879311752 
-28367842   520552979   815630032   613474774   -771391751   -362124639   311474483   43172997   551443170   275895880   409921604   829852306   -662202658   46818554   -238725002   948898448   -496892983   -273417400 
410590011   -870119103   -191370678   869868964   823742986   -516578417   319945904   388935632   174253236   -76531047   -310209393   76617276   850649122   -90108438   639714536   581002316   609962270   917544400 
344697072   666052458   -203058526   171610675   198679014   443211585   808883439   563264582   165428791   208493051   -457025483   -688385875   935171293   -11082726   931310766   282489333   213856078   671439183 
924329818   281887679   286337710   -800161638   -191125441   737369223   -190787550   -725050859   -184947745   910301136   838190932   -77616387   -729571716   497274366   794007414   -605798697   -915372344   89243141 
703482982   570254367   436180036   119962264   -94896608   -669324402   -865563644   152242005   -979508887   -726094568   -602726311   -131769417   -792500931   -693827637   626628060   -842170436   608113681   -808599884 
-979178812   -383742176   931579488   -71676678   -886990686   360916922   360789213   641981678   -121726142   118018832   658677352   -97140120   407174510   559481601   664842182   572382628   -131164147   -547228192 
933270144   -633611815   399156833   591143747   -325757634   -529132731   -167790877   73700794   -373217497   359701907   569048020   -124698794   438590476   255236033   798885504   -450197696   -110453277   886269721 
534709783   666309414   500834155   -44319984   518171950   501864650   -172950890   -830524189   629643306   -444677352   -826870658   392572945   421681142   -317967861   644229186   982754267   -863595311   36458229 
350424555   661472089   -40236914   -348119606   599421229   710027040   -15357834   973568494   -826749947   716643471   799420049   -502881357   -848900550   89215931   238532562   461136937   -892614970   247861124 
18
155341034   345531120   365128405   -563944386   -630940275   543111997   506255633   -651788362   123374703   -964988207   -615795072   888595121   -395582283   -109322912   -176257620   992623364   408849998   -125291606 
82510805   -650936984   409416960   978048263   743146474   619671906   -373975997   -541102153   -255836478   -513753346   -8999730   -338863199   -569069650   745030871   333353955   262449103   959054051   -802549542 
264857911   669934213   741170295   290016663   630794758   -9243508   495971228   337809337   -373696425   978330081   -659681716   -677583333   -44381071   -76956190   -360228260   703514935   -142354760   -245813713 
824524416   -284606831   672115710   539017819   267665840   -434536958   -273113474   -781678703   -528464445   -639631098   547054825   -158656571   -922220741   -34592607   791364731   841820529   579729578   -937051120 
-564305715   411665766   -328708286   -520879958   -265977380   615358118   -10568436   389084964   -952904094   249184751   485534089   -670099814   -527101720   351602995   -742642089   303516620   -225015368   -905697264 
636354402   -835294158   114420951   889465210   -789167595   740917261   188270907   -471377375   422314762   910313263   -974892425   397324213   897326564   -566849795   -492901862   593009584   -774817834   -287850458 
560294261   432770540   668209945   768750378   807428046   702182890   -909840571   -222502641   -655925661   -116368165   -159725226   899917831   987003717   405796283   262484751   -270122350   457073866   401041463 
80337808   -577684850   -483437636   808515735   842508672   683433679   -66110425   212637415   283122612   -35790330   552153068   -765740988   -191451948   -70863488   -474255825   -176322712   661056856   -270196293 
970310006   -148280428   288689417   342749512   984456116   -115610199   -470641129   -254342444   -813853406   -524399662   360481377   -604486846   -808729030   49744603   -72582396   32302526   -289044498   103703839 
974745217   182908553   -115867412   -184576779   355329599   120533274   442024672   612499820   -720281615   656522965   962771136   769025873   -322439119   265578440   800050117   -10945564   -582188715   607625949 
813908002   -120591073   736478846   137851619   -396585486   -451394316   -937913166   485368768   665212719   476320882   -166351852   -420765696   -132174572   -987804599   -968366705   292307300   -43573570   497732328 
-391046609   641654202   -231438984   958361900   886898248   -486667525   -164696545   -910075078   797657167   438862833   -648182632   -807176261   261360976   -762135507   204614226   45547540   -606637455   343930361 
830232392   -450976883   959514069   -142595913   -290197786   918675244   175021446   -617585121   470549820   -584672346   -267582622   193842460   -206276398   -547588776   -723668243   -20265769   -705752387   -974992198 
-998441020   -618589415   -532684510   -96522860   -249352991   -646902320   299885036   913025132   -893635032   156232514   394908544   304084159   925337007   972966575   89340672   691002230   -150878972   91173442 
-729176178   -449531080   939779840   511974272   443191074   463314145   -469657638   -436908704   -556850763   848723327   176927946   -522711414   -924608374   -370124042   434562426   647223629   -560098359   951316885 
-862461527   -681329720   -674189776   -623864864   -368201184   -598023509   -83065565   -674633439   -122071560   204846941   -565965276   -213125782   688752488   906887679   414380435   392389751   -40347718   929201640 
-423227612   166648499   -905062542   36884847   -440436076   -125782508   -847788728   59072242   815658280   -966195495   -621866838   156852349   521953086   -817526227   -875347187   118584741   964229711   515409787 
533677765   -802865558   452311635   231936368   -181660558   366331852   -143472296   -225489536   809244760   302845856   -259448583   -794009951   -491118897   -701286178   854281570   934242826   508413588   -374384309 
18
346917636   -704233745   92263981   94716669   214925689   -288686520   -420579460   -969767378   -355254804   -746143280   124309938   -439017084   927948062   178980273   597019201   364558597   -298801687   452693605 
585795214   68521589   -902123390   -175145113   820818882   680150857   681114666   727844049   -592753592   -99300773   758858391   -389788639   -463302898   329544470   -185615202   672079543   -534764198   -204317802 
422106880   61050049   -60653963   936487973   23303901   -116529183   230065036   -40594241   -34158551   -560166597   -156045913   751975179   -182933367   -216527732   23731845   354771370   -9522222   435433241 
-762410449   -353763253   -482584953   412172290   -808354421   351597137   856230738   -402887244   -617378193   581138123   370536135   -525571251   826215308   368579093   -110411307   518750008   -504342669   874454278 
-873551570   -197168721   -517980259   395091321   -357246771   911080067   487839164   -782479483   -72004492   176683468   -346422420   -438305015   -490754568   39138139   308621782   -242836795   487391326   -509321856 
159350927   660000569   660599278   -57602618   460717786   -535511157   255508131   -721501614   845886682   -72188391   -59121175   -415929928   -281247845   153034043   -95593591   76777926   148879402   -912970361 
-195552731   -751827981   -771197201   406218455   40808513   740528568   140233301   777176518   -973513813   -820614856   594694531   718366524   89409311   93042237   -948693255   -8598797   -514121811   -393378110 
-787765096   39100200   -988611984   642041076   862469672   370606487   -226768804   169150376   -284041524   115558535   -909346185   701077656   738573655   -134744324   -91000919   -107681049   -719698825   485763008 
548850654   967174809   559848758   -66102670   -38716823   643851388   -97521641   -331455053   -991449340   -771103109   -423670685   -988499533   948018199   644009628   325782018   -475924686   601869314   -904212991 
-766679833   -967104567   324914929   -385775406   -177314166   -854146042   -199153300   -27687540   146150354   -379254033   -518606573   992630427   -469096529   624996286   -497480669   158082856   561409914   -383028916 
-758517892   361238086   -980372951   415587197   -623781389   515397918   152434519   -506631847   969380765   -404214183   -942942377   699767324   580858821   322247418   -69339697   988106293   -938035422   273576811 
-740277364   330836982   217029345   -773911129   -810938337   -796621575   644502525   304759106   -175405786   310838466   -231994323   640289415   -456282121   210082281   -232831253   -561419776   -450781716   74323647 
900900286   -584714212   -308012365   -833499385   -499289085   -915453234   917431874   326965070   -10988795   -678697219   290083158   -969063491   476938014   593866915   -850151254   114851305   638361572   -223774578 
-508621078   766537072   759435092   854919225   812647423   -394866113   -253914536   -567613819   858258433   535332755   150065082   -357749021   -811413059   -111102551   154465157   692949465   -68193961   373687624 
-225654167   789064711   979283982   136858167   248254954   906650313   182078096   -645883434   -613784533   5234373   474329785   -685702979   -550070237   326889714   366582385   437291537   -741017657   863562934 
800646897   891975575   -341666141   -813403801   568715246   -682794497   426781090   777454826   527462215   908745132   -385605692   -396386098   373503554   -129947762   -834141947   253246185   203550055   205629266 
-712489184   -629604593   484238190   802163447   -412014760   722295604   497095449   -706631639   923465513   660794358   395616150   311668608   164904589   237864745   -924082563   602803120   -209288535   867694323 
655611740   -578522237   93136628   -561792512   -932522418   990624780   655438079   437263247   -953533186   477878968   -531930989   225965668   228506844   134306620   -118463608   616112805   255991567   -683267567 
18
-717992271   456494321   561948978   -353320696   -389013924   -888829023   -273937097   -880804480   -589116983   620210271   827298731   723801117   384493859   307127372   987094871   -906802161   188905313   -8044980 
-550823096   379818637   45670164   -458982044   -680085406   959386187   52517383   -239786194   -670242804   -350019445   -854851428   956473585   705071479   -650743046   -789408503   126626359   399213068   849904327 
-201514137   481217475   160805818   580451770   575331004   -384080365   -398495499   -652764850   -882077460   253096045   994943934   -876041712   463730803   517923383   -260479849   -663702995   -288770964   -623943881 
-200689667   -494301966   641696531   -133887248   -109601124   206660444   -841752192   -308902031   728329066   -164918710   423435638   971825696   -978080274   291674009   -337961916   -840710108   585862443   -990239284 
547323082   689712144   884322356   -538495843   655952628   438149702   -846758749   346877114   -489892819   -650730772   -107248946   -752848607   191156407   -349563299   552799672   263344794   143771363   555814889 
-969013998   503492630   -696525653   -379112608   -511531782   -958568257   -860042727   176803810   658458932   -110047633   -372435403   590111893   -64152604   94164398   -447273950   -910656427   595604391   906580814 
900520318   -120142596   481288513   -814723634   -62137809   -761584295   672334378   -289169401   667785854   -961196617   -382550221   -894676662   -958790121   854967332   -882750121   378924753   617023034   174766031 
-995565953   712948069   660683307   -951613013   911293929   605694476   -913639375   393764871   -409087079   -140815059   564894861   431194513   -461019066   -740847496   890688184   -647879564   38757057   -863119995 
-133662528   74550441   -62235861   -847715025   -152109589   146147348   57290064   -967309594   230244356   -906665289   72961806   470894908   -441896399   485641139   -288665656   -614685510   -787844282   -886425021 
818096005   211002165   946073932   -241175428   -288215898   51402323   -16173343   821848478   -893691663   167475331   489730007   -964659673   -574486441   485560264   826509407   -429526830   837362737   694514812 
-859876436   723876777   613414865   486941735   527522519   -790060569   -587944236   27831267   -535636848   734414212   37430462   -501858318   -661660387   -202571239   792842269   953699157   -641519289   207841628 
377474697   968784298   818908037   478452211   -646421208   224039133   122981599   155287787   955380753   959597697   185947054   350636211   -813809922   187226669   -961567090   564539421   -574159558   452567995 
556656297   348614856   -675004103   -6874003   -716162062   375583836   -94958352   777155550   -473201641   651693582   -25170451   -983495457   138472366   950696410   205837197   -223714346   -130318394   730794350 
173566487   204549834   84145674   418950057   370509404   191955078   -184432868   -722714713   -207371815   -410653745   8525683   -811782884   95139532   942171273   -202886315   -402994831   413027846   -56391569 
-758292211   -960576365   77328515   -888120476   -699977621   -777373509   -913466517   403578732   717639672   756851894   125510418   -239126313   -489248479   881252119   -817322838   874277618   532467346   -718059966 
383887284   -546303432   -483294709   -417011837   967579486   151103198   844735354   113361294   -359737969   419392081   317192432   67847278   -363313598   698208177   -136977724   -848987622   -435946886   132871133 
-286372769   -741786198   -116553468   -899385016   -182372383   -926160217   662126933   -775310425   -471101074   -34672819   -923936067   -125516247   392535084   -830491954   -774088479   963120817   -405157155   -17825341 
298441181   237041820   569435577   22815100   841827956   797190373   962406713   -109896406   632020402   14618819   964294222   -404501940   766287002   -444805190   -509731988   -285060522   911046105   463122307 
18
884064999   688200190   743496978   -113811490   -648737577   -655827760   -59780985   -63170235   -679882148   -166154532   756838005   805179321   -151678247   303337734   630225701   -729439954   -271442707   -374465683 
-226308168   -95394179   962269934   -647856582   291493106   705264164   600038653   805848409   -91719377   -291336649   -230887981   -437397023   319042338   -40649911   -340020360   486228919   -524955912   -396008650 
-903400553   -974684979   526318237   -910999625   -909736087   72883464   -813066635   -508249744   480455238   -704674208   431453866   -744309570   365365740   167680981   -707868021   -314693799   352056620   435351317 
-284393606   687835176   22805193   79615910   650563061   -472736862   -674366156   -296391880   109625505   -971025507   300050205   -205007966   -142040567   45564897   924407434   921545012   54785855   -652347769 
-150594294   26100459   509760381   -742906077   -309373351   912514280   82292069   -347326661   -848933537   -253484806   -440210359   899706323   -831552255   84281311   -179483375   -100782120   -656988091   -805686816 
800412298   651087984   -739790342   742155394   934256263   616963764   223144031   -819546601   -152208176   49158566   84590547   165273993   382271242   211998398   -539511181   -495152739   3598560   -678870338 
-452596907   -413301001   -923266690   -441231990   768766860   -336717380   343814897   -376114599   -850688999   -954425690   637854218   910979739   -497682084   -47983812   -994253996   693963698   709870068   -457193499 
753906169   998090033   -437251737   415336622   375002124   -612400873   -28974848   -478832278   -479738482   -517812631   194123548   73423380   376799480   362735013   605310549   -898395309   -906081709   533916154 
-890768095   931171213   981566734   -55599894   897200342   611221980   -884433927   767384547   -565097194   974605775   52692259   312498278   90791971   -889713409   -377524584   -868817626   -53279483   999570600 
-301557159   -565384068   767348455   38557796   -17603725   -98211121   685941269   555787133   125512760   -418350804   704240867   549217669   -548377863   -58417497   -789554763   960997010   837207404   -681969374 
-368795030   326945591   -443969497   45786206   231307988   532485234   879022968   -663080966   600624355   -151254664   -18471838   842894543   363457990   873223349   -124788430   210741285   707569582   -939972576 
-166084405   -775806788   -495354694   -821622938   903285646   651580418   -423421626   585024023   -522867511   472406091   -60662193   -628821885   175236316   799887716   -876201235   680188613   939475137   -318350976 
921598114   929565460   969013849   726348538   761630088   267000387   704066029   -203579649   -734098053   -403820970   957893898   348957581   -844648888   -872230214   207650906   805272601   -695054900   -248267094 
-188605193   716672183   411454348   -457595083   881413301   699937315   554030787   807066330   240422851   258994433   -785351666   -35466895   -992917823   -493159215   -824411444   755008364   -734143285   -905196776 
581243434   152096023   646144658   -584454457   814218237   -132962379   -434703973   -639305702   330637446   -357133595   172559127   314882349   -317950205   -930171460   -336670142   389975199   -278712234   919053433 
-151091180   307185762   -285517868   870126108   786745088   666446184   -65721233   781115368   -766745699   -576709285   519385941   -730849053   792555746   181288806   325654899   -157726023   266303639   730493617 
-101141352   931576754   -55152943   -788440947   294324983   606595012   957753694   540612626   -853732650   644825889   810796527   4136814   680632941   959886320   457934005   -408204641   294318069   -892368211 
-257679013   -241927491   438470717   -546107767   303680460   -671533830   597747746   -892188959   629260076   -690046243   -51162941   -264249722   -865124731   -588274422   -393898088   -144276531   -219787160   206784491 
18
762769375   93805521   -71823042   105134867   -367258007   181381892   -766980187   -460960190   261769104   -82377432   762699194   -710574857   -757165439   -112306247   31254800   -600017354   496907520   -432392425 
-934719759   469429724   -431962931   755580304   659665226   78661432   -763487704   -316988001   741902884   -159150369   -891206369   894468022   802257152   339786966   -54862031   514020888   73910096   -389003046 
-107240332   -619480816   -427342746   19798383   -730436791   -191668134   -2795015   10743150   665455555   832474241   190289000   -180130997   488713564   985435495   317408403   -373959124   -342393483   -524074487 
-659243532   -20225043   -589661521   110840861   -45202549   -630555426   -855874817   -968816913   -979134841   -773572514   137439139   -661615093   809053817   -113505028   -627335945   175991708   964936307   461790589 
-574061836   505648342   -846686250   -14368466   -466352993   -17045215   -708850653   434459637   -873741947   -497670339   696400238   -16776128   380109217   -839104340   -894127364   744901337   513807069   656212992 
512740964   114022367   -763275867   -228148415   -514323430   -788904552   -69473993   -43214549   -796667007   -609932151   -366101105   842409451   989781348   -724719759   141577042   -742373643   -81559491   972023137 
-671031586   314882624   -459770396   724729568   -945787817   -515690325   -516046593   310568496   -116423965   617701457   218401050   -481517630   -738792377   803271966   -119978557   9067241   -547499564   -818195053 
639594277   411797830   743729727   992455552   -466775860   312145754   406619361   -474595930   -23880748   -364958302   -854563084   -398026148   894138483   -915712028   -137150457   932571199   -699563246   280969582 
-220774112   -868595429   634308357   403763591   -707910354   -789330726   -921126328   -483964726   361327371   14476015   670419517   904628835   -446024931   298062385   77472783   -659956202   -794144075   397982123 
110699796   -148286683   -913708734   626158891   348661817   490945900   -883356609   -917400489   -651662924   -986693118   -364501889   312559064   -613002464   -190932369   91017331   -224613412   990668247   332916317 
-649230681   -903079649   164317748   -889405217   76181607   -421889812   146251631   704905545   -419810701   -379769121   255101543   -274653590   -263605741   -725535297   -850552635   965082930   -806459289   225156583 
802535885   851874786   318095240   -593460545   198877237   242716874   929241492   406082020   998060478   963969598   881651012   162850704   -853796675   -61013669   -408423640   -814020288   3919704   -426191188 
85977318   528805659   83578019   -185697320   292026875   328697485   -98621087   -476688902   687766475   -740981845   -921680813   -371078580   859210693   -775136086   768819039   -180451325   284317970   -204243350 
22795720   -20847085   190940130   -772067716   544752867   465362527   701985016   628627766   -786089389   839676109   -308343398   951381858   247034808   596193845   103811530   -577293773   529739024   878906342 
354290510   -221165900   582082323   306408172   371189120   883819869   515374169   460159368   170212919   896927093   -364119461   -679549029   394915106   117899893   452642334   871296560   -909882617   -571152625 
-26750023   86734258   -645930320   -430179537   301524342   367429523   -165478551   -578282918   501302345   979896882   624915091   -9868648   561121374   751741673   -772906232   -793469588   -798234486   263061839 
496240308   -80257716   -426230642   127159771   402555299   961421645   -973701248   286448699   912911759   477853311   852998977   380094268   -353426013   769961610   720985013   348905505   742102310   430159982 
-150233812   -713293848   -765462757   653827988   614705628   284868879   -396213522   -3185817   -678698718   820814217   -926806782   647055495   -25295245   328485099   449852276   -300312295   463377136   -548605282 
18
838707731   227047610   419372066   626054402   -705973130   -640457153   -631177764   -763520344   876968054   -7208024   986021278   39826725   615174438   912266293   -339442725   580123336   -421252378   526887083 
652435333   -619156937   149953354   15182860   -210709819   -10823907   -445431461   50590015   418578284   -205851088   -493822882   148344265   613410690   -720318548   341671920   -910524582   414622825   982676301 
711198256   546089604   -167371013   -130001512   -684811538   289547738   -556149261   -197158866   -961557813   991782582   879876540   -19865320   -149284443   151302408   607321048   -444685642   -520333786   -541136433 
879145119   57488048   113470656   656675201   -532776991   230793430   990061507   946201907   -608036429   507987634   -786518717   -876659544   -854175400   -213202736   -392696178   832202951   -355436280   227168139 
-110196045   -126794610   -943767201   -466811505   561850240   -943481901   -927564207   225653028   -723530243   788885137   958822284   474140973   593590017   -706633646   -349574257   197421613   566689029   -308351423 
400111876   -907190514   777437171   -811425327   788326331   -8671152   -193584472   -224949165   310094215   517358474   -750466047   92540643   75412029   -251523344   902842618   606808722   2042522   131205297 
-238628264   481968598   953702815   -75245464   147442653   481124174   -396436772   180325841   -396549714   -18261576   293849407   757776157   -614959479   553499224   780245782   -765408505   412559069   624944258 
-810485919   957761550   -716034739   618306598   -387563200   248964651   847076900   229147618   245658788   -826884628   -771827299   -756433166   194696855   -618141362   37433114   -51332420   286022849   -270820038 
806416882   855869073   -924049161   392378967   60825925   -709922974   614579420   -425601636   570244617   -203185026   172350052   -454302386   252729678   492586619   930102635   -714860432   -981085601   -112209406 
-290039933   230246625   708682731   370510417   -698626446   -352600157   847768184   485309166   -620825394   -193000680   -806130017   407234620   824304949   475229377   -584131933   527570404   155168937   769432514 
385368771   -171502504   271379372   145403257   254047063   851785959   -428149531   -739012435   -572111971   100461889   -999013963   748191088   -537721423   684781379   -373259595   -104448878   304994592   -867724204 
-671873320   -52552432   702447948   -28505254   -477844807   -43972331   455431625   246989020   659044912   376434557   332524100   -498902001   -869215714   920151072   -382508430   543372450   163269523   497589500 
-163005242   -849713231   579964836   -351941960   419664790   736891151   -976348637   -729298765   792775972   168873674   -821584273   649215975   196525102   693864705   -988551536   544292520   -572356150   -952622591 
987274237   -893930911   2420169   -393802019   -800233219   -616709542   -719853607   987953682   573551422   -270333311   592066709   -656129576   565839522   801539063   978525740   374885716   -699210326   -240149932 
-272552822   -696587305   634577051   -712533097   284446985   -305327774   -34704161   770444028   967530915   -43976603   -453584663   -832500854   753089894   -778031988   815348387   628535493   341046750   30425732 
466439964   817729207   760771050   -940584109   997409939   -895490505   -488430249   -492316936   745555860   637170122   -448549887   -897486427   948513127   474592055   541414295   -42980970   -992389769   654027899 
270040283   440318972   -354925082   -682652322   388528526   140992378   644655650   991469441   -641494401   609464318   944881118   -699710537   -693615459   -548495056   -712112737   -118025015   185577196   900000296 
541894003   228487339   640067051   351174751   -456918483   -546843657   -254944765   -603013583   998984575   -770414451   10533921   -929863003   303696085   448674194   -707246100   262003944   -929194947   403322548 
18
-117357010   -556262978   899940979   207357941   -445997086   94610027   -322857681   551697180   331962764   598911822   803761061   -441494061   820072624   -347245058   -44489509   -952193929   89925763   503901912 
806350287   971289247   815500709   -562655563   -778697625   -45461224   -143395675   709718296   446317041   95624403   -66765545   896040928   791630020   144040607   -85823258   -949052021   -703120450   733709805 
-849285317   927918151   -448735520   -415032979   250821030   -672374601   189602889   -733404203   -831954491   131022522   -111818349   12589224   -933438159   572475001   -746819472   -669410325   431130245   -725249252 
937983708   -507870543   -905782985   493242357   15587143   -693426637   216821838   -761909408   -552203447   436811487   -794079402   -496069389   938694802   -528158375   -412181357   -51103934   -78891381   -945933470 
-48178990   674036905   505605834   -386000578   -768893277   735793071   459670053   6340464   972202434   81048880   592204568   -951517288   -507921437   976727837   -280394938   -491034591   425049273   420564712 
-297193711   11388326   -458748358   899703900   -382369700   -987240030   -865687332   -822500351   -645911364   151557553   -646060012   -686566672   754377564   154085392   -717564130   678002360   -156789388   40558581 
-714654547   -147496553   252586730   745102457   -554449588   612569064   404369347   -70800069   -97563142   -776240393   -158175999   638996937   -549371068   -227391081   394858617   -117759202   843225093   -512049438 
-272222105   189439753   98155808   495044124   503912033   -527256373   -51978105   -783139131   -650608128   -510521067   -358178298   -718920489   827682344   342046773   793040797   -748396515   994271321   521010539 
440473906   -248442802   809775836   791533710   -894497633   954712346   -714279543   -965407330   -360915421   -707428785   -50375628   -544825040   5698902   243498234   -952314730   332517687   -971311461   -604480735 
256728582   -726572991   -692788028   551586942   -323790266   144290561   453876219   518525232   761210430   -584342708   359311858   -98464916   734714830   103156157   149824366   94615104   940323236   -530827217 
883241801   -519153932   -162436569   -528342089   978691735   -487398631   639329056   -931794313   -967925690   719169445   -130423798   -23470131   300109042   646788045   804860367   -88152722   195964009   -968616314 
-466444485   99660337   -939257170   53185276   941593845   -34406147   -431361901   -53482450   -112413186   -871163277   -907467881   -584182899   613367502   503841410   -33996700   112315455   205530748   160341743 
-276100391   -755054010   605660868   136201055   337486016   -266636704   601527004   384066678   -706860556   -142961473   302283047   733237924   169549092   -936727632   278557904   705447103   583003436   193079800 
962017670   339918793   -571370753   764338663   405341001   -118116585   -960726232   -905147555   -619447457   405171063   -183899797   -705532211   -275988787   602570514   -364218450   619365828   756935929   -375612494 
693191379   671210560   -734058563   -965474521   14392245   -655318047   -987447021   612524339   753286097   517099616   708701663   -374481321   2462085   -260531096   -271922842   641542462   -735995407   925229081 
-449363321   -417095338   995103683   -562635879   -720063239   -627481457   -879903766   -531262856   193710107   929901302   473197817   -519817433   -335746319   -806601684   370350439   -792840766   -741616792   295952948 
-36124002   139151753   684577180   357271545   -278937412   -857204631   698826908   -636290984   453733987   825349263   -975051532   -479777426   99360313   -995155995   -455669565   986670778   -23379581   -963757672 
416161597   19724976   870589625   -101371705   4950166   -704557282   489624190   -231531003   149681287   -53870326   672771767   -692454295   455109087   27721646   128910611   -325790198   -475028662   936792478 
-1
