18
874839828   -657009613   464193694   -91952893   170748953   -441944801   620844752   183775478   -70221293   -477677384   -375992237   -168009242   -96715388   -77259925   -962575912   656155414   673606089   -952683690 
529981233   -167571764   977729146   -571281234   598273730   -952224592   -451911196   935297505   -695330109   140995109   -604562353   178982050   69985841   623621872   -101047421   -844987726   -706272718   486505721 
-218364511   217266580   165478010   393875113   -781975428   -129710097   709416949   502992009   845577664   -626776795   800239360   89505610   -59403347   -322755739   -19554998   -5241579   306982460   -423290432 
415795320   297887349   -526118800   329781705   563218681   671278622   562181035   -755101117   -582250856   -220447296   673487335   -303761350   -429168751   837672289   -558908251   -804552414   524695659   662787750 
630343626   598787318   825241693   431188327   -893004226   243259910   267334848   625653515   425865810   -265271772   750403129   314548286   -114138770   389701602   891672360   -555409758   -725236272   -142376348 
-123182894   -470162384   553807972   -812923366   96198467   -170369060   170827839   388576115   -685068337   174609602   325227992   965402751   212202347   174061888   224457120   -871070079   -698871986   -343333753 
-131470158   -896316302   373729625   233889666   -409270453   -117437732   -836390652   -80559110   191694415   -937904975   -346977425   163455078   -806217714   148356742   967175612   920897624   -859128304   -201720822 
435359067   875863546   -775409813   -549139111   -483318905   206093793   -579496208   839331685   -878194865   -121119878   248834075   -663960101   45522109   276178961   81192984   -157353620   765950465   -265302485 
-320783646   -771501956   -663949123   -664090542   18156064   667172525   817965557   9816490   880361873   -835548482   -960923138   -447208022   185879061   -784066697   -795742430   356735354   293021029   -477216415 
300216689   692848776   -570355962   115044717   391814683   -324609359   -436000679   -957586088   -39260996   -950582218   -611672206   393780426   728844905   -360805953   30094955   -390980316   235497495   -258518178 
439957929   410295197   -955411830   -441469424   -570551775   -538917608   -992425658   -192590788   499864620   879816425   -821469491   -371798334   -161133712   602050315   834537763   -354109390   439758618   -150749286 
475209033   133161758   767135533   857046434   347742595   371640640   -231566195   -984263314   -129013389   218613391   -703321094   781774621   831120702   608161416   -330276339   518932405   -442613915   -405587089 
344594645   -360276416   334340902   -516163665   880450326   -658869545   -187210387   333349324   264083788   524095162   -757172208   3481786   -287290728   -656998731   927550318   591009946   -364103742   -330477762 
469318750   152256094   423480562   615058207   -91543664   168701401   -420680787   -149963414   709680860   538138648   187251966   -293852410   169228163   121677266   14296774   -478511682   75270571   972070901 
400765935   278759289   972435870   951307564   -601473716   -574312993   -866683789   -594809496   626476104   539278679   -872764713   -208469863   663074103   847433146   544019591   -536703082   -238857113   -269149920 
661624808   94530712   977107297   -274092749   520979629   -489711461   155770194   670742635   411477338   221352071   -368593392   -470369265   -381772415   -71501468   322821967   432379433   925160495   -88444055 
995262138   -242327054   -103635269   520745392   -639358439   -219241388   -962703147   852771060   156788796   964757127   372120263   456427445   -55589148   900070101   816046058   -491365891   -505757722   553875876 
-894830380   -659443852   124682819   -739030376   638819940   761381939   -762837908   -143421658   129689181   921881911   -129171816   198377462   -338869012   -143175456   591609775   -412693245   -369996990   522120343 
19
848701053   270766025   509096606   370289623   -30602609   627747216   -883403771   899091931   -774305453   198437713   739841908   933247281   25828319   567413882   -25158532   -66681546   -950490811   -892317526   810958258 
850827415   -952529782   -742815024   980599726   -488723339   841779417   -902528740   -123969936   -991448354   66665497   689703941   313139700   808913578   -483457471   948208895   453632740   758597892   565790208   -775674891 
-742403849   688999293   518176233   577175758   943624381   -567450402   173700257   -381798360   758121420   725723148   -55214420   -986594030   -299811592   615701166   -105730959   309817098   -161917154   336086651   -897075603 
361801477   288901544   467421827   844135533   743256904   -740245459   -748566245   -370757791   -709205927   690649523   -198930845   85468392   -488366585   -893176855   -575919078   546391422   -86225887   -294975655   973787704 
-21346102   152304333   2544881   -352818261   593628858   418066562   -272066935   213690522   454433752   -127479476   -660237000   -17308102   -792550058   -699474512   -296408953   -416660650   -979247510   66844871   850369717 
644816881   23216863   -804909634   669502727   924776915   -752410457   150647464   449728333   840541521   329551084   -263313345   562956924   701847092   -727412545   -680348117   -821362422   727519823   -466692993   987282927 
-656211537   206499975   235987875   -425687596   617281840   304740471   -977132293   -24537348   -296379590   352360016   733675880   307922812   877168884   -51271560   -81147586   815728001   33606016   890755832   -178002362 
-670687403   -926586178   -31806194   756880768   828399411   911404367   -820276825   -679000726   237198530   260980445   580302647   -971644371   -112921453   854921721   191491516   486175178   326439380   -332960443   -518652230 
270225385   -396911497   -593461405   698329168   -516082573   -225223235   -143400860   372047983   -25153788   -21445734   -424602768   521592916   885306962   121979442   -463903747   -741744060   713919335   771465922   101843161 
640662799   331873115   -840059261   507475322   -431506435   36147126   865784715   -578296017   282367747   190904847   -746945643   -629456281   379069900   305265089   -192007222   177042512   701115099   -814482044   -859893198 
-502017973   -906431755   848095752   -41558236   -488142977   203119286   -370098694   -790352082   -332508920   152903189   445628076   -555363013   859972365   653742475   126264394   168865128   -310735268   -729265236   -987791427 
192331549   566269601   -569828752   -498570757   268795550   -487573512   791505701   757279137   -919312210   420976945   -152949466   -726623685   453371936   -176597025   91978704   592878262   821110746   -706689211   -718302892 
-860572151   79702370   229399354   -614258052   914739701   -304322559   79502724   737578333   905591517   920615407   795802275   514554562   -332244785   -532564843   -403764843   -286718204   754681723   954753894   44600470 
-187613503   -262034728   451648236   153396522   224864422   331721258   -487095388   -392718867   569663433   -169933998   629942728   75759185   -858343956   703103167   914367697   497380281   -240475603   921750143   933505802 
-535518404   -786095479   225084016   -681068942   -413041898   724408014   816036311   -760049318   -586445135   -688029198   -850937948   79115629   -659144626   -848200214   -761224843   571877253   -353051013   -25939812   90971902 
-233409722   159763447   745536278   309021009   378270690   -238188325   -387319083   503589672   603537167   109651131   381097081   255670465   -857545424   -625714237   -927457067   249527627   542521081   -981452655   770287695 
-951166990   -219797680   531686077   -392217470   -287234716   -964967824   533907395   -488089464   541025856   -596043238   -542843467   -291947208   -68100274   464481000   -677087373   774464088   -28522244   -849606139   586262591 
559076525   -122940818   -334742323   630611358   457632560   -81339049   -840246707   604389039   -179671817   773848971   -434415089   851461995   703732263   153368642   -417507752   180314196   343112234   979092778   993563340 
858116670   832018421   876841274   656791596   692298214   99870330   -696468695   728129804   698759786   905677013   979971973   926566103   -307586418   -137910754   838078761   -138918252   650101180   456679311   -607423708 
19
-470609914   804528771   -389626684   205246194   760461764   -88766747   -134429945   -431150597   -273026557   296983437   -693129833   -2120069   -90646701   -128579534   277524814   -528801454   -478023196   -490000350   -685131243 
-945101766   341191127   -535755922   933306357   282830724   -373544457   202321804   476981267   736224102   -293183289   -874935185   574047389   523637185   149033289   -467688089   -68955439   416341729   704736199   -17189833 
-717809800   807356486   -45967812   490163221   558665542   865364081   36991669   -391114469   801651770   -621606857   669169733   528963259   176741340   884079862   479712423   -587841808   354406350   255576263   -343227455 
-788341584   -694672349   574077081   -125301573   907373445   -802888951   -539665511   908887610   -347402691   382111490   798481796   -459865735   515569280   933582389   -76127638   -719112152   650176248   -923541674   -453778903 
533751599   -292485598   209833383   -651357343   -921827128   -185401163   -187981895   393864138   72130350   -795952089   790033155   -424712037   960784697   -610744551   613391111   -142161771   469913573   -790441127   -231879245 
413184999   564593202   725661456   660037923   414628842   932023360   -570337407   -937449758   -344187128   735101265   -605726908   113457406   82153761   886204677   -795016656   -819341904   -803556888   961404703   931122917 
-591835383   615503277   279930170   -213742039   871590016   49386090   -575403081   427891033   -839793486   340646352   -611519078   -942412969   474080801   896412015   695901265   -629807719   478208886   -364515750   794543456 
943572526   -780112476   433570008   -506708524   -152570154   -650586708   370578357   -555212872   -834499356   -766702701   -752873061   -961842190   -449507619   890318450   -352812493   -597635499   746484282   954251540   -381884818 
848211741   20713500   -729618416   327577725   -448030354   336476160   393427774   -18715328   -867654740   -203591216   -421234172   567095474   -717720566   264192913   -745565179   141589453   -216972452   -340255367   841840796 
-413827820   -43383261   -299340976   897137474   -739637902   270486641   -196270829   -451079751   440254281   448196188   227106870   -276040370   -157495745   -85202928   430821031   -932250813   -142661436   554844422   408636391 
-463022250   -713985340   -787565273   -608890570   523120468   182442675   -114379532   -766439724   396839665   373101553   768227156   -202600721   -240392552   206632810   -43731641   -35878820   -173973354   555423165   -200929520 
441792508   -603667581   245824251   651322004   -488315419   921710576   -693659932   806429388   -907269526   567523926   -330469084   -104011924   512926636   -160470366   -111905823   -902018340   492695883   -296768728   -177470039 
473413956   -788167218   731056792   743602372   850176657   362720273   395131795   -768641256   218732206   -584235625   996352282   -987798387   516062585   -586044940   -339491759   664663600   493317026   347625514   383579570 
761192467   -435755333   -69582397   -787782140   -354556907   -708571272   314622338   868193176   467189707   -356598248   -566759263   13752874   -158162570   -345317905   -360115189   611247   -566402270   -823038497   910668783 
-972022913   -804987977   216511341   -563164130   -259847547   973272928   -536809525   -449966708   624586783   -635634893   140730777   582059030   334702281   569726156   -751041957   -265772304   579737746   809987727   -555943444 
-483857737   156153199   341018300   394817191   497074607   87118747   -380485626   -379625944   -286487954   -269746710   981386324   633441339   932454647   -94438285   96488083   485991462   -96944961   -91862045   665206986 
-993945614   217277610   756106816   970387319   -631833122   13903551   519041589   935605126   -35014334   -919751457   300725166   -199090922   -799439038   474242191   231687076   -965165227   700509501   142979907   539407738 
188689114   653918086   790549648   359305812   -511889222   884160511   70308262   -293026283   -297251393   418515142   195971554   326277760   -864741731   -770294025   -906590148   419793142   -390752789   977159895   -797463210 
-863090977   485103031   -749980041   447852176   222304418   728898243   -193173707   603364507   -925256840   -342508746   -617556050   -238858224   -331907675   -385332372   499063501   679165862   -103705228   -426230575   -72429667 
19
-742671462   -381611144   -195785337   73801270   -975329758   465416206   -558100669   -599456102   487410608   136202141   -841720817   89874986   -253145249   -758071819   -384268925   -619013159   -769046234   608957292   -545025685 
-763255993   -701420755   -644182259   493295994   305431396   484443275   -364124267   110592578   -103650947   10294137   153281468   -314574648   -174791009   390690776   -309717594   -22222315   819831075   -479788406   -307109937 
-229940969   -195898467   -833351642   599757052   450270564   -103507999   -77818318   -108940512   -628621624   -776639639   -368443318   -612831730   -132006373   -574294900   811992706   -663013738   -833356549   492014240   93280879 
591855800   -389652764   -962781175   871092409   907480585   667427551   439051140   -894476181   221286057   948530375   56412742   546758038   612434560   275694985   715207181   646431422   274005257   -182606306   110581396 
460942920   -569128038   595457164   -48489390   -55513974   510905559   -730964250   -274594967   -557005021   318628535   -355302466   -229212421   253160252   902449540   -744067878   609393092   345184731   273466623   560416821 
578582001   -427091109   -476384493   -905861759   411934073   775740844   -997766382   750960023   543727672   -473827577   745680506   170679517   -256292144   -91051621   714692677   308374588   846874243   -177548362   -655027300 
855059339   449892554   637454969   -861393728   -631439467   717722618   -148025087   953959440   -411851917   -57405129   -524615528   982835152   786466360   55469007   531645804   146518773   -433125606   119155982   381087467 
-648824535   778940159   390800181   -581439711   183263906   -82665294   -216747706   -205420970   559520032   422921405   -496606677   -531286233   -624821548   -351558178   144649383   -307272768   820368587   694582026   843263744 
189918206   -709956554   -127952168   931284235   -394306794   583611074   195123163   71308681   61137468   848827799   -415174041   -276709522   -59296209   954436699   -112880298   -520723781   -721642491   453778242   -967479228 
948398080   508753962   95962616   626558142   202356830   -115704390   -382933603   -279578945   497003201   683158553   432458921   716536368   -87466983   -502215565   -68196361   700525412   -959821626   629291699   -563039374 
989191843   425090548   -864639566   890060651   -500225481   655489352   81712958   526849737   -129137634   -170816007   826946145   905411393   473171346   924599402   -881965048   -601550486   -259253863   939722315   920597075 
-946191890   -851162478   -349499308   156842088   -439851297   -238955702   82228520   -185185298   -734748311   -468598266   674853384   856285315   1002353   -294673067   686308069   -893146570   848704801   684809555   206783008 
-382345131   -639379608   -114078753   -712663903   -458490520   -828352721   -208067076   142276266   -494796417   674269175   -901477911   -608190343   -672613303   -60061492   180434327   -660743262   -238123958   571362663   290366558 
-67158138   -634361456   -492715706   106664608   -978131190   341976965   67513170   -891616786   265237534   778809889   249076447   -528517338   240465192   413821458   519874807   -206524935   155139029   54540405   98841344 
786750022   -293713343   375100613   -571119947   889092244   581361176   519226873   -9167300   -733044   900274134   -91166704   426866721   -595017198   -438798731   -255141727   848538170   -188987358   834110169   503392334 
309819226   17552186   -252064630   444422939   441486635   590637031   596511618   928506676   469671972   -906167165   -588558031   875829817   -922317021   -827898949   -234424627   608660828   88021518   298057043   263245257 
-244239808   -579168036   -957894707   612470310   -263846858   571364148   152545679   -476994435   958026687   -615488371   904461801   278952264   334336666   746688597   -672872562   797119643   -388567684   348245337   928577563 
-910697107   -57837407   -814310226   782392136   -592185514   655566966   115574511   58287986   241173161   -855095273   -126138427   542691935   -32412256   -220678702   -374840569   318252595   723928186   47381297   468962933 
-725879643   -597001509   568041563   -583833726   -476366593   -696095994   -880210421   729072053   -604919152   447845684   -431636455   -611645046   -385008040   -355839958   188366254   -179634335   -522746548   515790683   300909847 
19
886524711   689814733   -528578737   477035381   -442185859   601299182   614188450   -725368240   467100216   -845355464   87135599   626292913   -554338997   567021429   -756511290   876537245   -283550153   -65801826   300911846 
338211318   -191385877   344538793   319489567   631544546   -667216433   -386859246   -772482238   529643229   163827907   929483818   683429091   -647186598   -182778366   689213421   475546782   986721908   107194303   499863918 
-502411200   804569764   55834204   588584192   -126917448   -574853294   -175899876   -891409136   -182755824   -760285428   -52508164   -35595493   -483033360   -638858768   480550764   -372458025   -659171638   -139470720   -71233812 
872300422   337692714   194160093   454830636   -29480909   -274124881   896896587   -414976010   -786563956   -376015890   344391969   123352908   -536109653   631039022   46160581   -63166171   -896320155   702981013   659443660 
-858143418   563507308   -56347514   325322292   327526750   -137678046   657919991   419563160   -568386949   -227459402   -905756893   336289103   -638844388   -951361268   213040709   -815218169   383300555   196137879   -746809542 
329919924   -388121891   363735718   266464640   417864812   -653595609   640144001   -13168698   123140221   -471020874   -879372161   121668836   -381923873   -707834702   517245261   769735689   -428122763   690128371   -259034622 
590014749   -961870605   -516380504   868576175   395092756   -690606313   425041644   -281476315   915859598   557957331   334610867   -368490680   268437580   -23197543   877821999   218240672   687481820   -578574564   885183572 
296932339   -353709635   230745076   992312511   -777413400   772068073   526833952   898193606   -952505312   -208668064   -637860887   156880736   999989967   768611893   -715350744   698218684   881982827   -243873804   977401687 
-502061725   -4036841   191028438   -18389532   490392851   62743092   394549758   -704713887   682825227   -139845278   -929635492   40368835   -606985325   929842694   453438827   -201051116   590363277   -700479084   -871662690 
851577737   -847937692   176316649   276269127   -40957160   374725984   -729152216   33790678   580716728   -165017282   -788938859   465233737   787016721   -774554227   -734368876   -335333107   -210857571   921332808   -18299952 
-198147766   -605735518   189677315   -332765640   -89744372   -674284972   -694498468   700531266   -504829489   -311648520   -372850907   734166381   -365771577   -3294924   424439909   214161711   -406411496   -476704952   930914888 
-916600216   462731968   -832808903   -581162185   -688454264   -982098992   -225588783   975776975   690412954   -995849216   771684397   -637687528   -499582381   -740132070   -234545918   -30713259   696926670   -84214409   442642493 
-857940468   924006778   162469010   96967633   860001578   22008013   157096773   -567976945   998541611   -831052215   889605076   -737484006   -445319070   690350661   -557720179   -750681628   -217263905   -298371665   566454717 
564706335   486907584   480929444   532013709   316103449   292378035   -102490865   -848291441   -697370262   -582248615   633463488   159259186   573135000   573382193   -520710874   634819149   675271755   170437459   202285155 
-364361104   24131851   746998269   421075013   -650602358   352954916   -774157232   -3933179   -792898570   -61337293   -953654876   -994332113   -61592398   111075801   909961049   144958730   103728164   -712144873   618690015 
-511521633   -656397602   395881965   -250362198   705993622   -279858000   311998560   -479775207   -328645687   407662533   876576883   713193355   797907806   708508478   -268042485   -26054296   534201153   519745932   -402385961 
-821735273   896491052   305633927   572311722   601436742   155123469   682687361   -411520744   -923263475   -697188488   310692961   82539662   -951470422   68544547   621200632   -769200996   747622530   294207876   800144503 
648602734   -68445310   904865386   652426609   -948050052   933462627   104813528   681461668   645086503   -713861823   -671475400   -49325218   -544969860   -658834733   800374959   -449281304   -392652042   628829743   9230909 
174133051   -238101950   -957229205   -279815984   -913308540   -97623725   -769620002   -257830621   33829082   -669786604   340896659   -752888292   76334615   814881622   204084608   -896155807   -442974021   -113356788   -446326394 
19
-654921828   -180328324   848283035   -174110858   911181022   -763526602   -887351144   -502602008   -898278783   -879423426   -337785535   865565054   -735792160   168319712   -721770237   -814894459   -42929741   -625432123   450840015 
958912847   204358711   225727148   -189004805   250225016   -123193228   341576098   460129651   -820160486   547415957   -125390871   570014468   -635654820   315682974   607324154   239079101   -353590439   -921641894   -99700159 
-141162622   -308011053   275743288   -778838011   29575493   879548161   -642768931   -733711186   -362797989   629845951   301444947   425644288   -701395048   550761921   -692820598   560560512   -577650369   935960309   969329748 
45521844   -156106395   -702605422   -895004210   -784601876   979163373   -839161784   -760407560   -304263092   775256963   -244543470   -646393060   -502554684   -44739136   -53503211   427546068   522035581   -662486004   578569986 
-297208555   665240354   12280499   -791757490   -235127687   -456427285   526510988   -537741749   -432532950   -457396154   451002690   862358940   -828645802   380973295   -54116634   -293758477   -547640038   386824704   -738394418 
75434052   -579452025   -682963264   -135629482   781645478   341667972   -927236997   -692646139   -699849685   -510967687   -905024928   -771955461   179197892   -438036796   63359054   -178338491   499633455   -989523786   -672417710 
612686056   913811508   909314503   -254234352   -533379383   207271428   -540604272   905728134   682455746   -342585911   -974229193   881127952   -605792537   -556644995   -286678744   848268224   754103161   471748093   464465204 
950313775   -781642840   155898213   303053613   895642935   -739186528   -453178275   442853003   -718632592   -652714644   762373307   76614840   -716397579   -200284525   -178973100   364474996   475687740   691369071   27498393 
-611154545   -568192020   648739364   -595804925   -477346924   -745204251   -222208074   938595229   -335783365   -826367518   685470545   130453314   -692577149   424825506   -356806288   624015011   465753023   -487304434   745615747 
895757718   482263287   210529915   -710975404   722838933   -588139537   -561197132   -341533986   -948978799   97380617   353329796   181229459   -685556429   174587834   872648371   -641067291   -770094149   -116008237   25046157 
476055036   583911963   -788649376   223151299   -308437336   344142032   -483670208   704326351   -862723513   -739196434   -156023735   998471976   -452030985   631426637   361929410   417121831   136149331   430673711   783108279 
689886692   816961674   -21431132   -850489191   -135265087   -152834854   318401377   935451627   -711506428   106875148   807768650   -948730652   610386385   -431928119   -604584159   -635450834   -817917689   -142078484   641917711 
479382137   -11312062   440273128   -569176711   -693512828   751539650   -849697640   -805206715   370718276   647979674   -890174294   933266779   701861438   278417666   948893142   -629834452   589205951   -529118414   722099967 
-499053794   893365251   -521730652   170970673   119251538   -972454745   -539636756   -80165818   647995291   169387114   862317869   253527462   578844718   -337652331   462935474   -268787277   -303362144   441783306   -822787282 
-596325434   -287576198   -199358906   -9335692   -837503900   -926826072   859217666   245423375   -103065887   -162468382   958186967   -399729500   -42392496   -634025996   207106531   116957399   -980028784   -782860649   486718022 
634672877   -904456963   -872252287   -263654279   -723060887   -832615435   654244523   -23740669   704814655   -837630977   -485609446   626726837   944745148   -751677578   -667447992   -397947356   -691768044   298960596   -34048092 
569614232   -461465212   838439203   -537065707   -376677839   296768107   -296190537   706351236   -839060902   150724360   401512851   -709407004   826100918   575149724   776948091   268388247   -927985089   364844556   -940622509 
-789239573   116338862   -206164563   725763363   326856316   -557018129   -398793548   -281618716   -243841411   -94308243   -916255200   -118878296   167524296   -290778292   -544475407   -126858218   -24240074   641488469   -681169343 
855938784   -463156429   459307295   -27525027   68673180   245293004   183730777   -561824951   516887186   -8564324   676453233   -638651960   -199241200   -521751254   -434356655   952227827   -388996997   -127602901   -641096101 
19
69884438   -39893121   409381124   648972169   -751047838   -928709868   -732642373   -231001615   918402715   927245319   -29192466   883701461   -417070149   146475579   653990930   87458505   -734480699   603379190   -287471130 
470401296   -112986915   383271251   543498477   377142781   513622374   970607555   178946083   -204584020   -30750817   -468554214   833239363   -511532242   635020476   487906000   -111019245   -558734699   92200145   395605145 
-674502468   -130686714   65509563   190026909   687577897   719330805   271898634   556710252   339947117   -227235964   570251424   -842047891   43548587   -390978502   -395008321   477832395   -785710768   -760166989   -413808276 
-117214163   -526316948   -945135090   -587947632   -280198438   -699050469   426466536   -314083619   -505446499   -950195270   -628327985   -627398470   -814617494   851136197   127071060   -218505196   144335305   -751250939   -931497722 
886661481   -351026252   228983931   370615704   -316278085   697891264   -80143611   -210869862   -585813921   -681594743   150506505   391824639   -393158864   -93187052   699497054   -790040940   551315341   -939827351   155593118 
366874091   435324070   503569128   -827748259   938910789   -50855762   -432886690   546050357   987107602   661352699   290380201   32735325   -975082210   650453918   758500456   141161178   -916204178   780227435   -319276587 
-475113213   -437165720   577179273   -744881388   13908678   -665690260   784549528   -150517645   -794886398   225610774   15797093   -887783818   -733683392   -294645867   102720992   -231508015   -270066701   -167757483   -566315157 
667772285   305636969   -311677282   -767349359   165537687   340871981   940333815   965377120   -697480941   762863453   -988889652   985294093   383813872   110750123   643058099   101865421   648328913   -567959695   -217413140 
150427649   630618882   -195987892   560767657   7711533   -647523188   239264752   415158424   -941529431   -553394867   -690099291   493036415   -231335332   -613189158   -276509047   -759454175   91836925   363963217   -32525072 
-563585997   414131990   -787799678   738866658   -127481484   -492615664   -614904929   -87462222   295666722   -900636596   -893996068   -211067115   -394575394   -527654237   748441156   -315878829   982559287   -354499436   -530104641 
-763951349   -642603672   364214810   336366656   -513606424   691096091   -243841344   -290872561   -384796975   201629706   -379706060   98972434   172277216   -537792795   -522653725   -780710095   -947417499   98828150   207714646 
-606431340   620915233   934260632   -548340066   953611510   -19274943   -442944780   944838619   986061979   257188931   749240853   -229690808   -758030861   -979116389   1262044   241271392   596474689   -713843746   945259134 
428130684   648246450   975618985   149294766   -416988861   -850009662   87856801   51273529   -263064633   564307786   799409393   -317520567   -860170154   286919276   183807393   -945832206   -467647416   -393600161   144999556 
-968533249   -268971678   330726590   509627124   -564624579   -197024948   -950797855   -2982620   -124056454   -724382569   666343053   -109276747   448223786   -761780045   -539064011   -456111095   -796215415   486062437   292430248 
258298609   177575478   -123967433   -669105909   -178478578   -62718724   573868260   235510778   -527620236   247348455   -796525065   -364862287   -780917104   -901947126   -954609611   732583405   695759301   -398055840   351307631 
-729818265   568780557   -508090534   579449953   -879757710   648016671   -398775813   173014662   886101817   -405637355   -29680294   -297900015   -57091927   187753489   -851347826   385677606   968053992   881188185   -321955038 
-705389913   904922328   86097041   132208250   761612248   -41609683   143829012   -464575695   980482941   338514648   -246078901   926937021   -90796896   236601091   -961267408   970981877   -682976464   316717345   33579441 
122643299   -878304548   772031184   627171183   -916679743   -800152227   -264774404   119485185   967528101   -647811142   -201132541   458647891   -77461488   -960269006   724532889   43633394   730888257   -785852178   965978825 
-97638428   34752258   479974662   -287936548   239842148   -811425687   729144176   -803464229   -149497959   -484950699   -904472267   -731094659   904684988   813628811   -792990719   -793153100   -508612523   406836110   -770018137 
19
-572067330   139584622   843091122   132345206   -39690019   -245546284   651518658   700137970   -328043124   -49502144   -303325732   -390434276   284616252   423888458   786426101   823288948   322048756   -845841631   761292522 
-615015410   -27308629   935511582   773590619   -206240010   -344666051   387609789   338222281   -809604515   -353085209   -619883903   -663447618   -964251229   -14013886   806803650   600063418   -115803732   -870044846   -684036221 
181801665   -171166480   -331790083   811639130   -535045523   135559562   -306642202   591634675   -733368455   -887444638   954635692   668717783   -282385071   686241067   -578317551   113128699   300423985   273084039   473343399 
-860293243   665702486   53169283   -690313253   -897907034   -298188388   -575622923   873474692   121216520   -189433660   662777633   290801490   -188102915   817261424   -864948173   -554402773   -758945110   412821179   -769991880 
704980322   340191731   240061018   305355400   -192519232   -572173234   472060220   -892948503   -606653939   186062578   -827408870   902622204   704104032   781849013   803673853   884949531   256181469   746308953   680479547 
841073371   -69423622   202032246   -640059952   -286415744   962356601   658467727   -207016288   -973822337   -812112530   -984898646   -939998190   -773553601   564534064   -783613248   382548784   -988204049   425439242   127243381 
971342956   -571057212   319494510   -529124018   275819950   138862564   971397277   -374859047   -28789278   273718331   -983152480   -830491378   -253016286   -892178080   -784505172   -730052158   589138151   580109364   -809456301 
919025530   -99989124   999404825   441481953   284334941   -991553257   533755425   -514562748   747845783   -574696961   212978819   409767228   -711108311   -900292558   -261927253   431456504   897277694   497903774   -763205385 
-996707090   -350514670   -991004342   -453587871   -432921715   821580717   -661797602   903805036   600477620   996465746   -512073746   -221167766   470528471   680383213   824941847   -226040110   -970987743   -21118018   -981753767 
-470388847   -802326882   757739590   977117812   -902127143   -36229120   -772219926   -997105306   89974254   -337461488   148406442   -283729732   848591252   -742544943   -28188039   705120675   900222962   181896618   785521229 
218653035   521939130   802984083   626155896   280906532   281760009   -868526332   -625418429   392012755   449123294   -416764332   -30103921   746316401   -575650303   417486366   394446185   -817249536   -501770925   18525113 
-559308319   15722042   766153098   488667080   -375648526   553223754   -628151229   911164165   -395400911   -10745866   150526544   -604695231   157485290   -673366877   -495664338   940551123   333479873   613087304   397127907 
350298530   86884692   -37226710   -686388060   -697884935   -64660989   -104015568   837086284   -220198513   -925582176   -85461858   -634768297   172297372   -841049568   651032220   -35163843   830557413   244635214   293457159 
69748052   278261072   34917723   -138843796   -311290992   -664575158   -489019914   -737366336   203717790   -957501031   -628328956   628211612   -617994245   568986410   -376348   -347985538   -620609549   214331654   -254786100 
-37262186   -393940906   -234077360   -853591974   -76395058   -730476246   -764174352   352785842   -333889864   -197930715   617084509   544649565   396524053   251255826   700948088   506954190   908583628   353944025   -561664038 
371484085   837310427   -88341443   10256121   174451796   510562122   656300997   -165189133   -123428638   -332066964   -342711203   960086235   -483150138   198255004   868182638   50525900   -743227999   -95597571   355778545 
-149782587   779315905   -344192313   -972510632   484342707   -976272136   -436640766   282583968   -361567267   283394210   -115828708   728151697   -936088534   -168730985   867629525   -537497291   -356693120   -441374232   -312397676 
278827900   485004524   -34376285   -789147831   319439310   -307864652   -816203689   27381290   -579042332   45174216   -37966860   -90074013   527784038   981363598   831034096   100089857   347938102   -243976897   -863236781 
601659606   -724906477   -489823938   709090215   -833121195   -25790014   -748608979   8793414   -95304594   -459890716   2363705   -333912242   84501198   -202481157   -173762950   -742757420   -309191116   895624104   -409671221 
19
511541925   494314350   -61974872   600877010   101325541   -785810045   -697997810   -385679047   59960096   548324052   -871880227   -644544483   995557633   -622575350   -872450450   -307118783   85969688   -901910227   -226454660 
686257503   872975656   -13605591   -498398126   61447265   -711010116   -415153188   -610170374   -288515841   -183834623   850442958   289594789   -612004803   804081119   -999886282   -758972103   -269793737   -988106179   572040280 
777289593   -485241773   -487073157   -137924370   -680149197   411229432   942577035   809950539   439474780   538037399   5458223   948278712   -258487994   -37147608   -876453632   -876229368   -788054065   880650502   326701677 
-154102438   169652548   896215582   -965754691   136712240   979861820   -935365637   221777707   -195878650   891613972   -496520944   595380271   -2497473   357227502   -165408690   539346441   -716263194   -692247338   392342428 
684734001   -889826680   174409224   -830899796   -878692723   -497958877   719215843   -731420536   -793025047   -30084034   -313691609   958304978   737620807   -137421561   -565079078   707362438   -801657880   415680775   732418694 
-882615825   -76654138   -896811916   -219911915   15477871   -222689719   284913045   911471127   -221262096   -66775349   -231683230   302191548   -945657733   994461143   -626901784   -649981117   -477511881   -695649498   117660863 
474580763   565304282   -948741386   480893781   -216649000   218648504   -596779439   589912045   283091916   471559150   528412161   -58708694   242636179   -522059919   396251930   992407092   779588543   -385686726   -934108338 
-823414066   -57071946   -330844093   353752040   790305705   324969860   128416284   227893597   -865804824   146811139   483221390   523662100   -729975908   -242784105   871555295   -976989626   -281729472   677021839   -123621780 
-608582834   398933823   165828556   409590708   168274700   271395147   -858924547   947435368   -618661029   -740280485   -660146994   279607441   197656598   71865488   -837284096   649998454   -27893823   674758294   -230556940 
180186285   228763980   375430256   399729174   -105246856   724475890   -740302276   978698286   892632828   -886863215   517914215   87816564   400109550   -912583832   162917111   83869217   599732941   -191976927   -354908995 
890041049   -686532184   510614649   766332694   -20493069   986673816   13482405   750980702   194645983   800020772   510972905   323523047   -258092399   -237667212   1567185   87769740   982497711   -382234903   556238859 
720796245   691168077   114268942   -30511054   76747065   -669702792   370218633   -324946675   588019069   27276433   313477276   -761353432   -894529294   745637850   245552421   -841916671   -496403004   -150014696   -231800065 
199237142   752279597   808649199   310226064   806000284   -445543919   468089594   -137522164   659611997   610539585   207489658   -520889337   -835281977   -849883276   -820249055   -723695807   -366086083   437282253   -879610323 
222870650   -135370368   677607839   -706574169   -545587706   -467962094   986059795   471859005   790238966   -914335161   866977827   -51711627   816420696   840421598   638271167   170689361   964340807   557083164   197512939 
-535771034   -669674327   193997169   782008173   155022049   -511147119   383430178   -227718756   412755453   -52618318   767268470   494127674   -955652011   -693511122   739646404   -691962111   407710290   416862183   -980182214 
-988413549   -530590831   -71031423   514359107   -27682662   -374648844   394293295   171423937   -155406839   254809324   838191732   -497869569   -780923956   135636378   -252711481   226288896   818616762   77646482   -564829078 
-7435653   659976043   829294868   293580118   255675421   898140151   861391606   -849217696   -417750365   824946009   723062379   -217727726   173121427   16594530   212279291   -737572538   634634749   602902529   784220512 
-787976139   -133884082   966728955   -464046742   357997139   -760829421   -96541555   47007244   759515069   -268545039   -418255068   -965138154   -45160282   -861048340   -505988762   859616222   601610767   57042909   -924881537 
289722680   544983132   32076183   -374607434   -259367845   32323673   -314098652   -842520891   986373540   -854854447   -216498414   -324063564   -490134873   117250622   84436077   -178690433   -181369995   346846430   -511564318 
19
46774530   854209677   -734048958   -506208537   116016748   470628322   699915730   406311250   814820792   382496983   548899326   -421341298   -841376543   17959965   619464080   166412713   -86854823   916116468   -792155785 
16906359   785315273   742960616   -377686665   874243167   667326734   -761529033   165507881   -287290667   -339876761   -851029149   -795567301   -601272718   253370618   -668297515   696848185   -152581612   -986171056   874462087 
-691129540   -53086434   -819205830   -265012439   -836282980   -759257302   274882718   477032396   -588557486   -97953707   80166810   -701009789   508844482   -765464397   285728402   306368849   323405981   494116433   475390767 
713352222   72421523   475490807   829802628   -885878301   -735894853   -437874313   690255621   259319595   869453756   -307681096   819845485   -403487264   353015772   898612491   -359521892   -409032649   928464233   -222486126 
494958530   362190660   855347586   -473936911   786313768   -2447903   -126366263   11687268   516670703   884305244   -548159177   775805369   -406853722   -798126439   344428463   836579081   543971579   -467669007   -314163991 
6179181   -777367655   -541996375   -461034565   339191772   288267941   -918323215   -428528481   -719742788   291254600   98843116   958207554   -452697259   914487044   -934469923   24138695   397475388   775811069   264596218 
512412036   -174850623   -940990441   475612860   -878532770   841646270   48575495   989374001   451364039   -951683106   39039352   -860508766   -187340668   241108868   405530855   910196133   -714726361   -911579483   632608784 
548063963   385562026   -932102127   -312763727   89449074   -590149643   -172986982   -310951200   138855745   292373805   57089074   412664905   455267890   -343511503   342326058   -125374018   -30762987   620086052   -63205359 
766936375   842619897   -385145815   456163332   881013318   477244338   216725183   -693961383   618588275   -458723509   685718017   816547596   723213628   -31262151   -989992198   -124181381   352980468   985546205   -353407954 
631336342   -365441026   811958301   792047241   -71766924   -919662972   -263228020   -861362442   -80735801   -515325701   65736882   -261663783   -903668722   -893313412   -985498145   240400644   931599699   -361329011   -149747272 
-923072673   -382055218   771300965   -256706616   -249498981   -182787926   -281929290   -82424519   621283568   -214155895   -687801332   -663745200   2709639   432433344   758480162   -728298770   -449089790   -541983649   -221071233 
-685907904   998666004   693846667   261072965   -574090117   329764978   -601662772   845433365   -262392018   789881210   281137069   -494487951   704789222   -738438302   -459911832   -503823062   172760246   -320638079   -294356239 
-364656024   524417255   51328399   -988795504   -18598483   -166503387   362261971   -301363116   934390053   431113560   807453786   -709347199   183643272   -293866429   141456374   -831752766   468299306   590272087   685958816 
720369877   933141027   -265472767   447999183   595275592   -82930622   -176001215   -273779580   -41594834   -282712433   -454247050   311489494   -715008108   -83780965   -838636234   -45278915   -388543728   222840159   -941455062 
961073579   -611602365   -43866525   -499311498   -29499922   898944108   247764795   -573605351   182305169   -490092994   -942131324   -275581940   867206266   61414335   468842134   -247356854   477458440   399691075   536332546 
969880030   -980272696   -315700480   986571677   -63831990   542262721   282647505   793362338   77917982   60040280   -611886795   698048249   789620338   721431578   -687369347   -40526617   -303243833   326697122   388407294 
-323049039   -769564928   -203005433   961996416   -774437710   926129037   -506271492   192586922   19594979   891231170   228111088   -483453707   -642681790   448087843   -431209025   -819773427   -56638634   575779077   -961415707 
232433120   -749316058   -212289760   286559947   -510760611   -818109368   94654533   -675223236   63685573   -324672191   563999295   -152998482   -17756317   763842240   -220328451   -877516802   267098133   281392151   638354459 
562499124   -488691320   712259133   966054264   -30363890   -26263649   -909687161   -944259306   -798536848   503821647   968858353   162144873   799511329   -42180571   847105274   -297070131   221707773   47654999   -326915714 
-1
