8
870407439   -729318492   -971715039   565332761   -277062018   -664303942   -790862325   270691976 
-20947258   -410884272   398598211   157361570   -87819291   609371466   -663974209   197360251 
170808229   -665246972   -343646275   -159315858   852486724   -928836791   709741888   822674491 
1601123   -158774699   928298920   -357876670   -700732989   773318334   490749863   -748790319 
-748790319   490749863   773318334   -700732989   -357876670   928298920   -158774699   1601123 
822674491   709741888   -928836791   852486724   -159315858   -343646275   -665246972   170808229 
197360251   -663974209   609371466   -87819291   157361570   398598211   -410884272   -20947258 
270691976   -790862325   -664303942   -277062018   565332761   -971715039   -729318492   870407439 
8
975281009   -47605314   557366091   -351868603   -37972051   358625922   973556494   829508749 
511059043   -909896137   -752798576   -188871219   -181667701   476494370   429813749   176191628 
-800649313   236461404   -998985643   633718469   -185527741   -301842523   -5534047   -369833208 
-31638456   328537824   -338467026   -872068360   44060708   155287414   -675261522   238970952 
238970952   -675261522   155287414   44060708   -872068360   -338467026   328537824   -31638456 
-369833208   -5534047   -301842523   -185527741   633718469   -998985643   236461404   -800649313 
176191628   429813749   476494370   -181667701   -188871219   -752798576   -909896137   511059043 
829508749   973556494   358625922   -37972051   -351868603   557366091   -47605314   975281009 
8
-248647362   -718633871   9531390   -110238097   689042909   -307707017   -223441909   -177842212 
697139966   919329619   -656550619   863062472   870826556   -692321394   523552128   -652990636 
-11144901   623695228   -304157510   772609250   -509448253   -845640942   -509040027   -894128842 
121240752   738247578   -606975335   -380588772   -412213388   -66498870   35979851   -975227282 
-975227282   35979851   -66498870   -412213388   -380588772   -606975335   738247578   121240752 
-894128842   -509040027   -845640942   -509448253   772609250   -304157510   623695228   -11144901 
-652990636   523552128   -692321394   870826556   863062472   -656550619   919329619   697139966 
-177842212   -223441909   -307707017   689042909   -110238097   9531390   -718633871   -248647362 
8
481093329   -991010742   -166857339   -720679316   -988125356   -424022864   769143609   150952601 
767106041   -367409053   433802120   584367859   202903533   156835716   -911306296   365568295 
126621415   166266197   -664802163   -3404664   -621100578   -315564236   587185281   116607295 
-380968126   -482140088   -739892878   -668411209   868159507   298531168   125504842   -393377364 
-393377364   125504842   298531168   868159507   -668411209   -739892878   -482140088   -380968126 
116607295   587185281   -315564236   -621100578   -3404664   -664802163   166266197   126621415 
365568295   -911306296   156835716   202903533   584367859   433802120   -367409053   767106041 
150952601   769143609   -424022864   -988125356   -720679316   -166857339   -991010742   481093329 
8
-46164340   -23651757   -813177803   -843336032   -546390744   -630277805   -496319341   757837641 
415046380   660117827   330209691   533034098   -77772262   -703528775   -875859035   -934600781 
199929345   -456295361   570051600   -49591670   -755418344   -62637116   -619977722   -234945240 
222542006   -174822725   361179770   31372850   -28529423   506936496   -755550703   -34446333 
-34446333   -755550703   506936496   -28529423   31372850   361179770   -174822725   222542006 
-234945240   -619977722   -62637116   -755418344   -49591670   570051600   -456295361   199929345 
-934600781   -875859035   -703528775   -77772262   533034098   330209691   660117827   415046380 
757837641   -496319341   -630277805   -546390744   -843336032   -813177803   -23651757   -46164340 
8
-65454021   -63609323   -240979781   -859162585   491030710   859732592   -95218930   -900387109 
995522504   -662060936   430679292   -281825084   855312998   -544429736   587233012   971658863 
474226961   -321910118   -641558275   332942711   -645881033   -508979382   -22071670   -924697586 
96433907   38475956   428299321   324370891   294174210   522116795   213092606   116563319 
116563319   213092606   522116795   294174210   324370891   428299321   38475956   96433907 
-924697586   -22071670   -508979382   -645881033   332942711   -641558275   -321910118   474226961 
971658863   587233012   -544429736   855312998   -281825084   430679292   -662060936   995522504 
-900387109   -95218930   859732592   491030710   -859162585   -240979781   -63609323   -65454021 
9
-110823221   262291763   -830906616   -595413137   662847885   -254119485   568610192   892099653   -519627624 
221060550   576154694   -805330912   -733515998   725511658   -578662305   -880580098   -734953892   -227669119 
-385315570   562679471   938160666   853358728   -781653217   -266949943   661551544   -608111904   158015651 
-242134233   -424858529   99835210   -766884599   -304056349   -298001479   633747128   809456068   -622598796 
-442016359   73703692   536672745   746736632   -29816302   746736632   536672745   73703692   -442016359 
-622598796   809456068   633747128   -298001479   -304056349   -766884599   99835210   -424858529   -242134233 
158015651   -608111904   661551544   -266949943   -781653217   853358728   938160666   562679471   -385315570 
-227669119   -734953892   -880580098   -578662305   725511658   -733515998   -805330912   576154694   221060550 
-519627624   892099653   568610192   -254119485   662847885   -595413137   -830906616   262291763   -110823221 
9
364036853   586771173   321585625   561445683   494265752   878557738   -613990265   738519941   429361149 
-196228504   -997918080   -881098660   -522547971   879900130   -697189270   -705577145   803885028   735641234 
285801596   344377747   104311796   -394825429   901167621   -216252549   782946355   -961214120   870968436 
-119837022   -811893378   -801374893   569593906   -964044137   -736822083   493717780   -345214927   219956329 
-414168201   -397444297   697904364   -260837791   899358815   -260837791   697904364   -397444297   -414168201 
219956329   -345214927   493717780   -736822083   -964044137   569593906   -801374893   -811893378   -119837022 
870968436   -961214120   782946355   -216252549   901167621   -394825429   104311796   344377747   285801596 
735641234   803885028   -705577145   -697189270   879900130   -522547971   -881098660   -997918080   -196228504 
429361149   738519941   -613990265   878557738   494265752   561445683   321585625   586771173   364036853 
9
-512700725   -55724998   125049712   -498413973   -518709217   -751346159   -346945047   104867596   -675865324 
-891203177   19158583   386462434   409241756   -458419827   332418634   755559002   239703403   -146076077 
-568354789   60850642   90556101   -765143337   677150834   468604721   -628224521   -810109159   223714362 
574543044   433769018   322083365   153885302   -972190950   -991979920   833939449   -208927442   199058951 
112906705   200470970   65510545   -191907727   273476584   -191907727   65510545   200470970   112906705 
199058951   -208927442   833939449   -991979920   -972190950   153885302   322083365   433769018   574543044 
223714362   -810109159   -628224521   468604721   677150834   -765143337   90556101   60850642   -568354789 
-146076077   239703403   755559002   332418634   -458419827   409241756   386462434   19158583   -891203177 
-675865324   104867596   -346945047   -751346159   -518709217   -498413973   125049712   -55724998   -512700725 
9
-974527720   560907652   78328493   -145173454   -248426569   -989550704   355102419   304066364   -201209254 
120945533   500287858   52417188   223431807   -579639431   462507955   -754896739   -645003356   282806536 
-60171671   -980878452   900263668   582500771   926686682   380244565   -963581638   -332037646   234602489 
222859835   481172381   140553455   71400420   349646483   -415062315   960752990   304722720   659964438 
-376938943   770318542   -9076515   695693800   330114139   695693800   -9076515   770318542   -376938943 
659964438   304722720   960752990   -415062315   349646483   71400420   140553455   481172381   222859835 
234602489   -332037646   -963581638   380244565   926686682   582500771   900263668   -980878452   -60171671 
282806536   -645003356   -754896739   462507955   -579639431   223431807   52417188   500287858   120945533 
-201209254   304066364   355102419   -989550704   -248426569   -145173454   78328493   560907652   -974527720 
-1
