19
96748747   -693550914   722794067   -802911985   -35183901   -232014984   -569816686   -772448873   -708957285   627431302   -617882209   -121233985   -332278369   -428855816   -655385186   -969178776   -276118336   784853095   -423463251 
-360598258   -697562863   -789779395   201397183   -523945397   493365269   -437591003   -679375296   -655490971   696674634   903150475   -409522934   284988624   709652846   326857709   531479856   -923855761   734039658   -10739531 
140329543   -965959113   408614409   279690910   -102702569   -571207747   -501858900   -626095842   -935696597   -763061814   764645056   461268235   -906886063   -419079395   -191934013   357155278   542633279   -816900990   -979632547 
-438498601   414471463   558043009   639203465   77441067   -239549862   -373436958   827308263   -553545100   -904078861   714331233   107605502   -342329190   -235829428   -641960401   429792631   801752307   964325115   487951807 
846871917   -340810807   443208167   -213822869   109080973   40471649   610934131   133948452   494686604   830956546   557997939   26542335   -315213833   -144090854   -46108624   -907526593   519568953   925865518   798406353 
-498753714   410304598   -700460544   -894263374   -550492573   -287611539   670372951   753761660   -940401104   -679636945   281542181   -151497068   -387735112   362472324   -544213111   752944684   689814800   -760834965   -390978282 
223653690   -583212855   -986382565   634448177   10285867   -928916639   -376056704   808442184   223703682   -512461525   -941924655   -541629633   -558654728   -786978689   666467691   -799041453   444418949   855506485   567431251 
558379057   -825105238   629522386   -543845470   -650982769   510934093   -424666589   -475733973   -640014255   -937574419   634159312   -603936085   -266479036   -222747870   -288011377   -347588155   -379470406   -919887540   966147120 
-863179956   342113503   988396147   -795836168   -445482234   -74966066   175481424   -683418761   602406973   -510980467   -27652492   -917413657   -168258348   876897037   -881398796   304740359   -302741278   -233582486   532724824 
440361129   981825137   42712585   -652613716   -381729218   -999408701   841306370   243059665   -832093271   -786558020   300989888   837528312   723306128   -381941383   -461523820   -683028374   -952214804   -459405972   -597913540 
195849212   -770248294   -85966477   110421237   -722602695   887543478   987967705   11198700   288897948   639760251   -650192176   -568110425   675524536   -103630506   716547773   742548862   -398917066   -860945093   -153565739 
-820919396   -389733100   -633155986   702712276   217556846   -58684100   698810575   364276526   -285780862   576969777   574662380   559918311   -845739321   -413676107   774663302   109634233   808603264   988944515   -300993417 
-243727278   -556680963   -809207435   447615655   -824592990   533848708   -341536450   645352807   72248410   -693101113   232115593   557398841   -782573038   796508319   -596473441   260965769   566744880   -463846926   323163994 
-363813432   465258309   -996168847   -204832103   -132333889   304790618   219133772   -306818861   -351156831   -698950732   769016939   104094277   -836437571   360812909   380454840   322897508   -517800236   513448926   526241456 
-199762247   466441231   -171185565   221034650   -916660017   223366210   -96541973   -625471729   306305599   -967922161   -550756098   -639091824   120673894   -606169284   928040870   635088114   -606556190   883955870   348275347 
-263406462   -662851583   519750521   679614259   -102709884   259517628   504211770   -72228634   -75874332   452054941   -729505012   -140427912   -152093049   -514207069   -492989315   985658206   779114013   359216974   -234216534 
778837187   961126328   677258607   16404779   92328282   29085651   372148477   815849696   -982391778   20673851   -785733375   -341819673   713912555   -262172871   233409411   263187880   912611610   483655080   -404541275 
540335766   923517614   -915400060   241459291   -730812491   -774163929   -246963613   -754019900   -552074363   644628645   597928076   886527913   225802236   556502223   -861011719   268773895   806756951   -931843516   -463760475 
748708120   -345001978   -77853974   -217634833   -63349740   -605816713   -633644181   828851999   285311220   43857021   808141186   296051067   450832741   527351045   705959580   345545644   -626294962   -186255773   634169250 
19
871219507   -46301091   738802343   -840168450   -875012985   523147961   -209060600   105286037   43936660   -830441200   23555254   896791239   133260551   -818041754   231200483   -188896562   -906876885   -325006695   -613929313 
-222609763   -164373490   327345786   -415055876   272756478   682831414   -517479419   -943823276   -16623091   -949860055   904478892   842295636   743071239   -727398118   207159455   466627094   -229662712   491011857   -228495260 
-201775480   -196728534   408650958   -106544230   889560144   -876353856   -314586321   524974652   814105530   -916435604   -952122695   208888295   -928293756   -571581386   -901820519   632178052   -816691593   978932534   105248379 
-899179931   349994721   960221641   756466792   864164559   705786969   -455860507   -485495466   113382390   -482139442   3161382   -850729763   632874348   -62610626   -992254706   104109731   -88455621   288358708   313989099 
856230630   -11094982   -154479080   195512412   985418030   657102741   89264945   -544664412   825861906   -92105003   364958247   -929367378   -138739197   -605225473   591765227   754583110   -243789757   -115756283   -861357871 
-85169445   -217550745   197120246   -166265089   -126594994   466902105   -395425972   -225285798   607680837   -757871186   -571117771   -117399387   -711342353   227026648   662349815   415897756   158893389   872609770   919079812 
-820874755   -351975279   988396500   938771986   -737731946   -375418692   491003853   -196319408   -306198106   -462208994   689495899   683002115   -64615942   -340740992   125344857   -577430526   954474861   162618837   714415827 
857817534   -496817515   780379342   761118962   113537435   -808246262   -85107297   804483888   -405692654   786062921   275393622   861605112   -247224639   -641124964   95914657   248913289   -510245887   -200957947   423286148 
-179528364   17276046   -755362743   589270101   -512435481   -756469152   624164994   -108728530   289429134   962462890   -974527097   -164999269   615916513   934013845   -804825088   -805512164   107821729   969212125   -236341038 
879263762   460180914   -350688112   693846164   -438387749   518592612   171436647   -541412282   -934985823   523410354   -142719942   -102326497   -795283895   -232422040   -324908524   681229192   627304580   -366803020   721812521 
-850636616   -434395604   -117310549   64755547   -548331600   -389165355   314152091   468489880   -653492524   925532882   861535187   -406270617   -639525562   835326729   773738836   -507249944   -597233918   462474348   632561150 
-843791297   726732504   -146822417   -185751590   937133346   -418037334   -666186368   -483479129   -358214678   27264850   472218787   -714373640   330009142   917153570   -821796163   500352123   -896087328   -30979162   -737985566 
777162131   -62013072   658652081   -561116862   -56409622   -927916230   -463928817   -825716262   651003311   -134988644   -643312086   -871001808   -41891464   -446924630   401398893   -861205175   694755488   87322469   723866950 
-329635901   -322869043   864487733   770073061   55793881   -911096243   883154084   -60511565   584129443   -695888057   -219268589   29810766   199387513   -272940797   447104470   -600643825   -457453512   -159941932   108016086 
-949629364   660755504   830221881   -554081845   -425974653   -79351713   342357810   520557323   -660830814   570725378   915897638   -646176257   706882738   -64463694   962992629   -897595305   439293760   -7453905   -800552923 
941752598   -285040270   982290072   489357131   696796431   -638409000   -33347454   420375261   806929596   334161737   -782794669   -940576095   -808629325   -641304948   634981551   703028464   760706123   -881973515   859018279 
407565387   -588553055   -492619152   -470584858   625588723   -844194381   610016781   749321859   -684038526   16151322   123081821   917470569   -54204567   588459065   -18480379   337854446   457484872   -926163646   -842732152 
937610773   -708383183   317715231   497346571   -4825394   -183942421   -136590200   438968450   449827885   704097299   980372530   168350249   674042746   -900477767   -459863987   328939667   58286761   908145191   712726147 
74004976   -710363718   -451304571   -922235103   -338567961   534027509   -819267584   177770979   -417139159   160868324   450104946   500371917   201739568   -448308462   -68721057   -717381222   897739384   973566960   138794928 
19
-24057086   -695121274   -548126003   -320863190   -608895669   158112780   554905222   -814588242   128169291   -748921432   -857933397   307539527   -696179942   -500548509   -678327432   655210534   -990126407   -880687087   66444627 
-891037942   506371790   733110761   -116223423   640553353   -928357268   -797016782   529462335   -396141319   -171991953   -623650594   579004620   -530733608   762454929   -476532916   761287431   -517308188   860862243   -963738011 
-877874447   -174160948   530761526   967748557   -508561097   -25754376   -871776103   -709273652   -702825560   -492422191   563700161   -584198512   -981165612   -299662838   -773879388   -193823177   30539987   -438576874   -131449247 
-833040744   -803159682   323028811   -504829989   -106270683   415843008   837387226   69557895   52962587   -616542972   -501077744   -24320056   792365123   319368827   -421641512   614940554   -748640795   532394052   -763777816 
159658479   -721171616   -691916951   -747556416   601443480   329718567   461344834   949463289   291657278   -762300783   -183179308   -583467018   337328684   219251402   463615817   -367674236   -807484040   42438285   -101694616 
-725751601   -919012461   -477685625   -69325713   -159519346   -936973223   190142573   -86929155   12040284   -52979731   -838216123   891756964   687680537   595368847   65263281   -853418131   473545898   645455703   -470432558 
875582691   137039777   864780392   -681722288   -614680831   442820336   -292159228   -572752805   -813635633   134171711   60977606   884147962   135355709   456468539   -477292714   -402831   -157365675   -656405310   -406154097 
-657685435   -163851243   -18647177   -664337907   -370536431   719021043   220007094   -135100804   160654559   554394913   -343825439   -383134197   933074435   -217172140   -995768865   -903431963   177254108   -539516810   -461729061 
215547572   302771328   -448203905   -369479828   -863411523   -644599590   878836788   807072826   -838226975   547355590   -702278136   -467300568   -333180716   -132536053   -648587227   855312690   -102200404   -651491151   -627766304 
566839822   -708583633   -149192215   -915803569   461037791   953553199   -28729587   86687860   -999224629   -111818561   -585656661   251769008   102052575   60306174   -976063244   -534840951   51535504   -691070081   -106902557 
690275564   559270505   -215329532   -547266053   708125229   204136662   36127706   970150851   404007327   102041778   -502725339   -208384747   357249563   532806943   476350883   301707639   -40660411   685609213   -599738212 
-643667799   -465846251   777186024   -585488209   -903045931   826026912   -980203758   -951542761   50348697   688979977   -558844940   654970805   275233769   -672820539   843979428   -17164770   -312467750   -189515220   -661184487 
76407977   -493434251   -928425449   -942089852   -66298460   619015878   -855153237   252824154   -862682401   -385138665   -87251936   142686070   319157429   -104182592   -67632636   -809054825   183863714   206177118   -924132808 
313945934   -705442494   741365596   -363917104   -698803808   -245725783   -518391677   506350040   23692724   262442275   342662442   915274117   86199549   -931225929   -48423261   600586874   -185155980   -409414342   -458195093 
-251548125   -516422182   -324259646   -4581863   -922389442   53163750   879922898   -256283421   -787080557   551513478   -794968419   -189228728   -513951645   -49814791   -715258293   -474413335   20332996   -985545797   354429492 
-943807222   -863089993   79322601   213562167   976207120   -980328874   597494593   650012524   -380102467   -48008586   960395875   753504140   77484144   152619753   -110989293   844510662   28154587   60441470   -101742460 
-981712181   268248575   -532814929   -398449722   36206670   -545504321   491985361   -754406169   -25919085   524550099   -605139071   -563159437   736279620   -735282468   303601310   -848910561   -919433607   -635642756   -116984531 
-951204509   942504441   -863322574   -469876671   776793421   -649447067   545688429   -972342383   -762836144   -59460858   648225732   -912940238   738543644   538581671   347123879   363110635   676321170   -147227823   -278702090 
124997493   439113253   413954081   -394773274   -208815044   -110012936   179263709   324859916   633404326   -700946591   522260331   -340006201   -647047837   -562395890   481031840   269449631   204355778   280578237   -523255482 
19
-836637333   388483509   -895755072   984626491   102513679   326352269   162804094   240617493   961029374   -746261651   540159522   -416287374   -183458073   -333760772   -820205758   -640972301   -9401512   995999437   -519013339 
103602938   958669757   181071790   161403445   981604903   -231682109   55176765   -240927310   671847633   -597035289   -15801600   275868684   -757073360   -855282134   356410620   648170890   399287013   316957229   -196790155 
247988081   587991984   594901226   525364073   854341833   -877813488   -837202127   125924957   500663387   690873006   -812249192   500805515   -73815594   -769123206   74100698   747776138   30580916   -964604253   596227175 
-742856115   -170718685   676866290   -263514607   -169544975   93217239   -39120304   494188453   -861696800   950517602   -104642103   -423532572   298972804   390082287   534346978   -923830729   -231261761   795484454   -838878253 
312447523   -253804867   20544032   -24682216   -345558585   -253781554   -86427983   523489631   -821016331   -215389360   -616289514   750906118   -706064516   404290325   337338126   -960460385   865596467   -789786120   423918813 
49979513   381352429   -911605663   -135238792   -214869834   -779548896   824296555   657550738   974511421   395346436   -311088286   -207384994   -341259559   855420898   -176995464   776199538   108445484   359745970   -397924295 
935751639   -529067412   -705828633   98937529   -159125377   505140628   -70761785   69415394   -340900291   -740184827   -672162361   -921890847   -727864698   -648471809   -958900286   -253772555   -286553084   -448690940   -376109262 
759524384   982861538   -507516554   -121328599   -756382479   908951275   -903793421   -258838629   -276813825   -68435431   695617758   -344165952   -688372007   -35087815   -997819320   -876735726   -705785776   -12076292   -393671282 
163380647   612197252   419902663   736358031   -674597385   -119014064   -447280967   519090421   -163157185   -24083534   -6905048   990284344   -357299772   517483901   750985005   72612427   331464320   736439234   578203739 
-973256226   659592771   740469148   -105814541   588214914   958781654   107970817   -327797146   283116929   -389687550   -950507569   196590682   -220933845   580004174   -764340537   -423335909   27987088   53581998   859597687 
-56332321   -893870351   -928322874   -152897736   545679634   -365545322   611175895   -267736573   -438625413   -837929033   76204268   640508468   -767232376   -545612700   661923705   233739418   198356194   7428448   -888679822 
-678972051   -390234685   880537671   -300610179   756533764   915098523   381907172   372641914   266615699   88496511   39523183   -506685306   -180790879   -286964944   264098178   784874737   699878942   937056436   -349803535 
-804956879   -55846343   411841112   -971723083   -645351836   52751563   173610170   532325385   777713375   -84018933   -390192191   827966801   511691877   604295037   -716953708   170111406   -660389781   714638352   731947375 
-867932115   431335421   -499812293   380510429   142057289   -111096684   -684199888   -601437504   389608770   -976467381   285640565   -510902350   498600839   -842782907   -949644710   682361087   497361722   804955141   934901709 
-682666164   222331757   -315759466   -480846205   157872650   -194417193   943076217   -367254205   218262311   135879028   -788605114   140645939   -200504765   -370019301   -49972819   947518164   585903972   768460815   115302618 
-294023506   -942423566   -80886084   960695530   240671982   267974499   -242069260   -664072332   585323503   360770464   708494451   -182801756   -567616866   21803965   -999968983   749565131   411297195   389237188   424291275 
-63634840   884772412   -568539978   -481910129   161086385   -600593578   -736588151   344576491   -711094660   716511778   -596004848   -672789227   -395471018   -235136544   37595506   -728074574   -462789035   169827040   -818096329 
-934715393   849041785   -324589229   882904534   -704259394   -643972151   779358844   974781552   -769065400   440365247   -484417171   -630251748   -311851564   -896478579   807557949   -632626668   275070782   -193459616   -981042326 
-844179834   -79907773   -487975488   -645383994   -576331317   -496811713   152627429   -537734074   330186889   269350246   -228667308   252710111   978397899   867180185   711667548   -377618516   582140366   89458425   896315276 
19
-413225507   999054533   275258329   -697643226   -606242587   -5508826   -114300404   -831534927   -335647024   -787591567   730227735   -702404819   971857617   -841109890   -986234398   372825399   337145039   -942797452   726125454 
712547899   -654171982   -337053031   -854254203   -698043300   906445182   -278241778   838553671   932262341   -751614468   468244410   -581735997   -468376910   493853820   -376173255   515366078   156623844   654470876   260792918 
879186044   -706264709   -123527657   -862439994   -979548862   619145389   904459191   -294024025   319278812   625204207   -560882856   238021499   985059997   575271283   -810851871   572007874   757767252   -673086237   -728207206 
-556106617   533715368   835639052   -220909651   855857523   7408509   414271435   895342749   -710123576   51119468   -971929880   456449588   845177463   70839617   -741237145   686138051   -518593963   -8193984   -212979727 
320292621   531823405   -951925801   929947419   -665314197   24995668   157400622   629242080   -464540677   74109539   -609833488   437828053   -153605021   -989899992   -35392752   -500377615   -571385330   -832363644   749620674 
-236152835   803288483   -496680260   615601473   554261152   653760942   758514270   666123419   -542751732   5139033   -691436263   33426204   444038478   -48634281   639698262   -791520294   -605047350   -624017126   156062008 
14829386   812536021   702209711   -608217293   -192384312   698906396   -792397360   -460721613   228410426   -48638559   749246525   -188605362   633562134   819842111   308200842   -633703356   -305453135   602278736   244982215 
466978606   -916230449   256083505   -390384020   -56913986   762584751   153753614   577945305   714033883   -617115352   169770993   235886429   10231545   -720941706   -133638029   743571682   471237586   823230943   -507273768 
555554000   48617465   -113710975   322655976   -38733035   -636638997   150018654   114849084   -775074008   299239203   686854114   -669455118   907209879   184484881   -538208108   179820041   -245142849   260710896   841755388 
-791463210   -511872917   -587387808   -329729413   -654227123   -232114589   -568849933   291521677   -965976193   -686476697   3091441   -347374193   596096883   232802369   -558001216   -555667255   -29089483   177458374   -183315780 
-734123923   -349466385   499710504   -987512730   -494212577   -140334613   112133399   -342581481   -769114960   -130956263   16520144   960688355   322049715   565255623   -800637291   264160506   -321819374   739470936   661826804 
-32948479   122191052   984488068   870362646   -130074368   -217338136   -616910158   34408640   -296869049   -735160989   600847650   821757442   -360943326   954316031   -169652317   -527776995   268311973   -244388351   633258737 
335157646   971366183   708544733   49727866   597436428   -82234426   99697727   -206711303   -208992070   268228133   -746081669   -554809344   229216648   -660217790   923071676   -689468446   385257630   -450517005   -554510587 
-662030712   -394710298   -783545708   945847398   -214942466   397923593   -415003620   -106077429   -676416294   -314647292   270084028   100643731   -791665717   862086897   614095182   763211315   -563916868   -574133616   -306732937 
266429976   -819409565   -755522720   271994171   187760325   -692408502   757429899   -89749909   -93241487   857483148   -155647786   531754591   -783634460   498539549   -609424950   586932171   -697299100   796769073   635073449 
707769681   677805813   -57193277   870337070   -147602953   463640231   -433928455   68159588   -794198009   503582076   920830860   -502367880   -576971188   -817605480   -585398500   -639302545   -498802465   -540903361   255144905 
-271516084   493965486   830912052   -55125580   -430718193   -410899170   -577769567   -634945208   -946853704   884041170   634711254   184087346   971770103   734373978   -555808351   -743714953   -536465016   679337681   -633905812 
-919252601   -531261719   -172825683   -707561667   391495430   -246215026   -952151376   -96643966   842023640   425026313   -594318305   -138390727   429751154   -74465428   800298191   696799923   -791203834   -699908533   -934148513 
-654941689   730941173   -591895739   836589637   96311775   -364173583   303401185   -3668822   579496016   866580975   -431629746   902640077   976587670   804118334   813950495   -278574535   -488747497   759132181   951916600 
19
-585365339   -748181305   279772666   -450595300   989464977   861936674   -494260500   -996194758   650667395   -293072441   -698172818   966946650   -586244213   68583892   705329587   357942491   -605061527   -933060895   -190694920 
-599769148   -413420382   -133208850   -161074839   -414011237   383514648   413694830   491816639   407027212   84101427   186434917   -345600742   924489378   -246078613   -983741113   13458635   -993323767   935566312   -591292456 
485617608   -988985983   852726586   367973808   36066087   122215422   -516037240   -200765099   155416618   -194527563   -327147118   -625360525   -707734499   521107058   -17342070   962326070   100449756   -150909535   -877888557 
726326980   79336630   270032010   -95464610   838066597   460255364   119446299   -837088706   -172524389   98923855   223558018   922619517   192247964   708625553   502339774   -18002068   -512807868   346234208   763984033 
857946002   -584665074   174034330   -426095700   548948632   730334758   271503395   46071741   887099804   -249984005   -340846295   -92304144   184222389   505224638   -65863359   168833827   -631701306   934446243   -634006880 
375081241   472964739   458966492   879210315   978812395   54244778   -681849202   709289126   -950756873   75430852   -574991175   987418161   683209140   -576468907   -446883080   729639134   4678530   -48581235   -77646438 
74193931   809911214   658302356   -820224191   500857989   -112875604   806183135   -238241541   970657903   90900410   399683328   717451775   105853261   846531436   -401816533   546125084   72705104   966406480   -716298001 
901457019   -905388794   34044247   -230401487   363405657   -853291094   -729378778   744799169   535774441   118707590   658132161   257571181   187623589   83226899   -155531987   31675729   -193193981   -490955562   -323233400 
829349021   704627660   348382634   -687413134   -310726891   -296779076   233778984   -251758924   959585949   -802924963   -146638798   816656369   862271663   -298390786   252366495   -521467639   -481801763   858160398   -548644772 
-191603748   492023846   546531947   -554323822   662914836   -96800232   490958753   -319678216   460509385   -969386095   149824920   725412145   -440012705   337619611   181002304   866753699   -419196384   205723690   952737382 
-756500583   349030704   913569840   -386334781   -538036487   -400678088   744898392   -994404287   197189962   -952792601   -956711030   854695049   771582177   732942269   -773782974   750852107   -946847571   -72162660   83398776 
628942977   531191831   837385235   146568710   -648344673   782681965   -544553581   -516520224   -886976222   -794488445   -154011963   -67951066   -522419239   763908791   -847547643   754407998   618186003   935864605   168642509 
213546724   410700869   389671898   -733361699   623582762   -263718580   -675152065   -787064504   -759658129   -349288054   450552406   -335182029   -743750703   107195532   -495350246   -870603480   720514325   -784178021   603580447 
-490988016   -750409666   462572462   -898355785   650964053   271346443   166120200   -954464021   42008313   486207499   694563813   959201610   224773736   496923423   -929574556   -926230138   32414782   -903338274   -942352241 
652875722   550432151   421561621   -355741168   284721405   926295047   181767366   84082614   -326799098   718971423   335935240   123513598   -477370857   584571614   605789644   798410681   -474396367   317942455   412433870 
-996600197   -686412557   -149833666   214907647   -887802415   86675502   -913288235   -777976051   906808972   -923386314   443288977   -535755310   793284501   370129634   -640611911   430352566   -678240401   -267914924   201954026 
258071582   -286265329   -911165754   -545982554   867339555   -908685519   222646468   377677939   282879273   851760879   163161094   302183919   740233019   -213278061   -154811026   -214247285   -404340269   518588353   489732143 
682830743   799227605   -556857585   315900149   97342485   41623117   -526525145   -681790084   852474002   -61366526   -65657271   284715414   703180563   786334916   70240656   426035999   187308183   -542423925   -233519354 
638868142   929239219   977647491   -699009925   -843400905   333412948   125841829   224837458   206783144   262229650   574276783   -992910855   -705157046   -432428795   394484719   353856760   -944795203   -622577858   723113585 
19
-533506646   -19036817   -237199658   990503770   835812527   562967071   334775040   638517531   -435142473   784797494   993096898   459663020   -512138479   114200619   -636182060   307789940   334634806   803598756   -342068043 
443061359   -793972463   -218315120   418177871   740599433   -82778998   906937954   -935550151   835842359   -933913745   -16786630   -75638614   -639308907   -560533823   -443692532   803810242   977650937   448250515   -743934389 
-373209050   -241092321   800567720   135518809   -473155404   731306681   -360427694   263031792   -371926309   -273734115   -885310974   -429983455   -567184736   -509612996   -522425488   -640207783   347084952   27985393   -266347625 
-903621913   -701293014   959430348   808152155   -551243763   462983151   99816367   -425381646   -312634002   113170608   34341153   -645620960   -270265631   500622728   771289473   633695415   -380704060   -300115189   230093422 
29383697   338211650   941003064   -507422878   135263842   873894159   498985137   -185626230   415762176   167922653   -839730766   -905304272   183445288   197554608   -318231299   680520133   -905294525   836670444   661316444 
364043911   461637171   484330431   -247018863   -72851802   865702540   -206198053   541306761   681524280   -465408552   245996995   -912921673   -663456290   522173677   645287808   -210290922   490389162   542562532   -371227343 
-34843567   -553128133   342868273   -722189070   -790483829   197056361   -211596304   -200366751   -293935897   -279195640   23265503   484596588   -316673010   -410353969   -472101769   -964537780   775812351   -803065708   -548087631 
41787437   -282989672   -395110160   358858740   371770438   -857408664   292531114   -62763305   -968776978   882245532   -694441599   96980075   -915812571   163852636   929067682   484634135   979954721   -297651364   422948031 
22419689   719339887   258694786   853668297   323336909   646813350   -821272776   -942381861   -8914160   -542124223   558411134   685982225   -770208540   819398225   -61323172   -713267323   -947677999   84130488   -147595249 
-26303142   822094760   160313522   -944772030   -665893971   -775119405   -419164227   275600224   -792163254   -147451338   363200550   -467203038   -487148303   178557007   -359722935   -858197491   -534450237   -721825394   783725064 
-434850587   -931068361   -932381727   -962732278   -248147055   72244373   -202113686   771259574   762589594   -514756099   350858031   -835080601   615514533   -624995475   853009601   729246235   -56497111   334110398   -539617730 
-293432314   -601694650   -97405673   -864359208   -463512998   139567618   310522750   562379000   452623539   908625958   26181828   632622835   232162892   119486533   -284540017   -909255592   -315105304   140429055   -552437522 
123347083   -625295299   653031703   -145860543   -135600872   745915398   -157020096   -923238163   -353586914   666086118   -75689018   992146145   230190195   442571606   20596703   159033619   794113403   -50870341   760327348 
500113407   -621849718   813190581   900493322   314577797   -352115676   630635409   -295819485   680199466   878783616   164067710   275056816   981791385   -762317517   822198221   -566873302   641574863   -299335766   -394785209 
-345812971   527242460   842593814   -73975331   -775367362   -213891449   25091918   -643379675   -770611237   -889083546   232456100   487820604   94907542   -710217180   798894127   492504564   -454341158   902337219   -812489848 
538001421   -686670421   29249205   893086110   239240604   598226330   996001041   355563601   358299109   641893451   250866996   -891048944   -23646546   793711993   -489438781   -206111665   -755196600   -88764940   101599719 
-367961081   -446703224   -901567505   -430285074   -234143011   -92726876   762529808   556385175   -440722353   -739340272   470677474   -961480369   970296362   -393685380   -4430161   854736877   611118264   -641195464   685950597 
-16679530   -294499874   -423772485   -289640230   -806948831   -630540744   -362382777   -591867990   -380091092   618248856   846135626   -240023777   -281495293   -846195073   116765506   -21933056   532551444   -910901876   438901821 
753740289   -312286071   -422394855   604528190   195307676   -875642560   -425246197   -711960726   797640438   -259501404   -627900813   565081212   -660225754   -234324904   -206813354   -344936307   164406134   -883545439   644451503 
19
816169696   -58985165   -698940449   -142756996   -101789520   -200599131   -873549117   -791028640   -522586674   -509553241   137809596   198181391   678834334   143296178   388016229   985325872   -47201510   -538311475   14775768 
-567895870   710826575   -676981382   -437405102   998562030   -511783598   -205175551   -143711394   -423970572   679723508   -493043087   903841995   419889671   -185623679   620305853   448653780   -773285184   920649496   -755172824 
-801914971   232618612   624531437   -596080254   644958109   562195089   -758323554   215566355   -555971339   666824294   -723174608   -455903823   432664572   814356380   249878960   -669541698   -403986191   738472009   410881329 
-23210151   151977664   694857291   241732282   -271483679   -626271803   -124237507   -456444498   703998861   -914743520   -611304389   -23865596   762318382   948697075   -48396727   637399724   -696647531   -829993406   88775696 
832173714   -852468122   426456555   -609193258   -794320020   -46205209   -788534460   -112501186   -237503319   223708706   -83643800   490711293   -906767557   -784324468   310123431   -437956511   247319335   -322528510   748052821 
74337258   -983767092   707980468   433774282   335033054   -906520501   812755392   825388630   -429037563   -73157799   -682295853   -362607842   -53504924   -180920595   -292849823   334285601   -861519650   55940922   721081810 
-358509594   -531243560   123814133   -895920699   -25279930   -228866631   299987347   397963935   -530905347   -75859159   -763835847   369878048   -11758233   314620650   924689784   275720207   -716067985   -60867779   -591565555 
-760734165   866728320   -159038090   396838515   938826956   -327060338   -738275480   -654048942   -96265535   -953785658   -258620060   -623777029   929222358   -735534771   -702711612   -97875861   -680769106   530028411   568251918 
-501485878   -920386330   828136785   -172897172   -872941245   -387997075   -802547541   938321227   768831353   961976118   -696650020   -688900000   664849426   767679090   -691104570   -529318813   -610440542   -511692714   161853412 
-610302376   -931351973   442408597   596592721   856981097   -785914289   -201348191   -568989011   -500863289   73937516   109714596   -784526115   -358254173   -959344277   -335732968   -844891205   -663855241   536576397   236593665 
-771077119   -487751807   -57925592   415496808   995758375   -633719267   638452508   604984071   564338585   459785380   59993245   -918793855   -173432363   423771546   853429840   748065653   773950693   233501700   380440443 
939912905   -179273333   -342884594   -31439215   -169139680   638592023   642514914   595948769   495368311   438237977   422132940   197070002   -62649297   -230135661   -9594432   820554579   -672520048   31375393   426533202 
586061892   -668350108   -404787784   -236338237   712135493   -820297312   -624949617   -347617009   290051381   901170461   -163317565   27450850   -3844383   674480823   72983252   -308571773   -891385392   284955786   69829152 
-273687391   935206728   -342827680   823021661   48492565   826691099   -449711623   -129044961   427252318   -705663595   411182979   664416652   -567935760   -155599845   387928443   746241905   269856756   -218479386   448984215 
220643177   -881794106   -481697459   854521265   -279662674   -40476414   -631276446   836215882   253837583   825213632   -766178892   519858054   -130834060   168041517   61507843   -650478092   51067656   -845791060   -30186607 
-281450150   675288305   -742646438   452568102   -543885268   362916050   815883904   192040807   649448495   -397833998   863569021   8762801   -214580977   -194185104   -797249507   -913829603   431447778   -58143130   177341322 
758608422   -516036992   718393304   752885290   266895643   555272894   -807305004   -952044117   560634744   30210833   -628282564   -797207462   480217507   -992405135   -233537458   -97776146   621071216   691910281   584931618 
-949581418   232108627   855024890   572159116   -319357778   -81311499   -280184736   -626922417   964354338   -104971869   370932600   -837800445   740275855   883514065   -727348349   857479157   -844603119   -861426920   -879014421 
-864596062   9631745   -973803076   -674885032   11554000   715755539   -827777820   -383688597   -715588392   -154129552   341406823   117457185   -409019284   -174787498   -489351607   794627882   808939140   77625511   -86849660 
19
827336201   222509806   973319158   -627424273   -345519144   553452947   -712413716   764728922   720262699   980300747   -608275282   293248527   803792838   447213686   307838353   -617998280   307824680   -392305564   -953528467 
825694939   -569411685   -56597043   266985866   691413728   -784950046   468196774   150172185   -699074501   972182739   715564909   -70885539   624567998   -70012675   561434507   -431577096   -619720856   352249368   -833160131 
537483417   -10014351   453640295   953625785   599319030   93757504   542717951   697766561   -55361286   326522475   -552354643   -582195700   628441845   738466913   -973753133   507622861   964337651   -364622931   -857044021 
576448105   943469175   185544584   843174942   192621801   824088832   -816066464   602137962   862050133   81595991   -660226536   11408244   -830897301   -608991868   -822600661   533553962   374880818   -935434825   605806489 
218025165   -506496877   751955900   -553497665   856331236   -651736862   -932238284   59309254   961536073   -733466270   658275569   -204502647   -237537397   -986160006   -245253815   920521562   -456224408   -418243701   345422672 
847221883   -883579305   -836055112   -270536591   -316679452   -293295094   -242430954   -83290331   -347457475   -71921558   -306875774   -246472594   827168464   -577627247   -590413118   813418370   22966765   -731055979   -203884562 
265506531   828813789   -982229382   -26233832   776449476   865312284   91972395   -374981385   -56004176   778138359   -479824414   587560449   -903591300   -898550772   -33012583   77795420   -833024362   971481940   -430076841 
-82438133   -544613306   556906503   741351134   -397226738   612602036   167840742   511863084   -814512322   -123866743   -829411573   -182315024   -442419444   868905460   -976751977   865919505   973572094   -479537705   -871051678 
-52916091   629932492   -50147586   -45700930   967960389   -489170749   633708396   -63146542   -665289777   -564214514   -650382284   -346185939   -211324052   -264334254   98834965   -601404854   118218608   -702812967   551233226 
-489535461   406893997   -987376511   -668938925   965368154   -927222344   -877962094   132426593   420403976   153911733   -653037698   -66357334   842940038   773709815   -709357513   -226230020   388676635   441474473   -379150056 
-264671310   130844914   421900124   550890676   90634666   404234026   325380939   -5749327   -755341137   566986298   179264437   -481309821   -995855359   -356402719   291516478   452540611   -674444504   280398324   927900145 
-617101760   -639486992   -596965834   -198255447   895256022   -253710799   -167536373   -691840058   105618693   -248207684   141389751   -781061663   -290359095   727595129   713050199   763778194   -2743265   469170742   87780240 
39032670   375456961   824553715   -707944119   -773734230   -328471704   -160836169   106563681   -359594897   639254006   -721711701   -620220066   832185971   727763828   -925908130   -595984511   71447754   -701499324   -609543416 
-477011348   704692573   244548478   416137973   572374807   -307088937   829427325   826888319   -288488587   74618737   -650996190   39538437   617369498   517039081   -260810966   205954672   729012485   -347162854   -743234343 
814243119   -489301403   118156217   -120561585   169090324   503046589   258481697   -107831962   401857217   -374874849   598687199   -22407940   -213980193   203285900   78946060   -637713672   -418209949   -240239413   213204078 
770667361   -652010616   505439904   -179284801   828869930   546940281   -261082948   395605753   -436245001   418286571   -477463473   -823640469   -440452149   -897776557   165658576   -696967289   590633372   -7518960   140287196 
-984999905   -465239684   -306895231   -353951988   -998300817   214750958   891140909   94923399   895848440   102752717   299803536   -871208025   -328195166   526033728   133013937   860508274   475390986   687815587   62181985 
115859340   486417177   313041856   872574730   501879008   742664906   -627685317   488418371   -213204096   97567100   -264250235   -596075125   -152048021   -222326001   -100256725   824179575   -589576816   -519539685   782717497 
-990117075   -727011220   573695590   61433595   191605109   620199496   -567986365   26976664   401633827   701916019   376072622   587392026   -743117514   741033669   454632529   117250870   -870357430   -986809560   -797388868 
19
-643473433   -11261445   -941688428   -128921468   515634809   845188791   326169572   -43356908   -893952261   -716475739   -992133319   721510627   767598339   92620353   -915178818   -62286224   107752380   776721112   -722931453 
-244130032   -487607632   -800792461   -823925447   -665974374   -219189320   -384722414   -845706054   946999117   -96429549   457572003   449845807   -177003609   -803739197   406050360   881326889   690895827   -255450784   -323568419 
-490223918   -429815499   385934741   -763542579   -753698331   -908552799   -73436280   -376260104   907489170   249049638   261686167   695068129   -729109539   747786247   -324792901   531016352   243740521   688790587   237786474 
-285099640   -101030393   956108173   148830820   633227842   348862560   -480103749   -451478502   856684957   8302854   -378961062   131625483   -630486667   895338090   667495539   153673763   46245722   442822979   796808990 
-169996984   521239632   910907562   415083463   -76428893   -828403725   552515971   -294191427   141213277   498601927   855391940   -776873522   715056846   748482286   121886139   -841828089   750310077   -870732586   438970735 
432122737   -388899429   837984822   171315837   735870342   224143454   -99388242   -495549757   -174740357   552230910   -723119024   839153727   -293902748   536953663   741384968   478116202   695431120   -10240403   -655814995 
732234147   39757191   -493423989   -909528597   -273698859   436425307   210033442   -382467798   -524871612   669341942   -525596444   -25902523   338821310   993973630   894283672   -793404265   460323309   -894117838   140141642 
-893437543   -797678734   616576911   -994866059   93294428   963081162   693632838   -3636132   13299709   185828546   -269513988   -835461828   92388958   78172202   838385378   863934627   119163313   -921222599   427286399 
-100598518   232042051   -263500842   -610038052   -561048785   675052172   -832874358   -389527421   -635839584   -316019838   -941856051   937509646   -275870560   -511057508   982448165   -542781468   158140808   -376587243   -367872373 
-46186778   -267673019   -480965487   -951905157   -48347466   759182061   -889012015   -172704747   -506887878   -174081222   773733437   852020210   -845655197   -36427750   662566490   -505878930   490673531   -71504067   516485069 
670216613   222504809   508389778   -62764814   210685622   -162621807   91536270   63211351   195860963   -263509782   908399118   294301331   228688571   656831569   -507525171   697125339   877365249   929706446   -58662726 
771308683   -51374910   400596197   -964371174   -494249249   523277011   64197759   -318529095   412831820   -100767569   -413868823   -555057832   -442134039   -193743196   -19190286   -307572053   776671044   -468257865   492163819 
878917413   70682972   867296558   -994294252   963966091   43185834   -457208460   -201814925   387314069   -950783592   751134347   -308261308   -863974521   303648604   -627083596   -157022234   -781718869   -871750593   360459422 
-859969434   -306596992   -691608038   -476872725   -62258628   879933437   -263634852   695270408   950810871   -473117928   17158245   893738154   698093081   531322336   162660253   -265537240   -135963206   339643348   -406833154 
-710962481   328164561   -995567957   259822893   -845124735   -363376774   34759082   -757826212   -381897947   -706449066   -286920261   420878301   698750900   -340532059   209467652   -475917099   711628606   -156594438   -254342192 
353275591   -382477095   -727204919   228304124   -266320241   -6820205   415167287   -314865585   -564240664   757526870   -478842585   531804836   -501173592   -210616620   165469102   -303521474   -623673274   740030323   -897493701 
561627596   -859256504   -771846149   -548539827   614493025   -820900763   129501797   548028935   -744346025   720199397   161542533   720316548   -398691379   577234854   -869101553   -579504996   113165109   -695224720   539107020 
862533428   -578029945   250308936   904658692   233752925   -179827854   -70018297   -260515500   81770741   -168794123   -445877289   52945049   -813943550   591387100   222953065   -673651970   -910871613   491424662   211639363 
798501504   134908408   -643346603   -672682084   709437392   -843390775   589997991   -577300785   600708117   -102366460   -115520733   -703013689   56443343   542587354   477781352   -860350203   748012027   -913874705   -169164166 
-1
