20
-157292800   106826562   788996575   -459530613   -965560817   736865722   -388226748   439332596   -331799720   908643934   -831673574   -822836377   887947310   253782618   -137804280   -598385158   619193624   611212850   -140785904   128383263 
305222272   -817819471   -740024223   311690625   827800354   621771066   418573945   461385281   -179969431   -122668416   713281675   -367550503   725750810   622708329   -395765442   -247390482   399221744   735866936   -170722985   284653572 
858100028   -45720520   -168723143   -581541880   252693815   -470838135   -721318903   836377238   -754840738   -499467341   -621305501   677058716   -436366957   39045396   -773351390   186659430   -464449236   -36700179   334316790   -173871902 
544976224   -842454927   733304472   559934556   288512338   705917061   805336456   -478116320   -740803358   449232874   28995676   -149194832   -812079777   966264523   -55455459   -620986243   -810636094   -68410851   118923128   -859011085 
-199174066   -195363819   224843428   268778108   986839168   666277023   606818382   20568710   924391862   -124398314   414575419   -762821674   -217247998   -241236151   752099674   -858384857   640105632   -518997895   -950667464   180482177 
-410454419   419812405   -659328483   330897671   -438797269   761241944   213755303   -46043506   -158480912   -504353558   150719603   -142747434   -530759656   443828305   806437246   -93910357   475157833   -648509682   615160406   266543270 
155746059   590800472   654715124   291645200   -576672446   172563156   374019295   868394610   -200884884   121012225   -124969281   -926176707   971791916   -951279903   129261828   307450175   667351551   303791960   -633189178   -839023627 
-35479919   493729536   615940136   933486731   -998321008   -327462413   963196752   61436781   957684233   -861149270   954793450   969749862   -299547874   -891590231   817825001   -357299012   -682729633   -832000473   -300559808   -933347064 
493373858   832101757   431102626   756157849   182596569   501460158   11857246   -473562617   620550181   -424769127   776119366   753976303   -879632051   -175248398   -312139229   898589139   384537851   -858235630   -12656862   -400331299 
142136041   772311931   -686150972   -348013740   -83824242   -892396162   -763362716   -736391940   -693612442   41285887   -232413732   -961183520   800963507   430370958   -465352506   -104941271   52290893   -48075596   -131752144   463559914 
974389653   -641902054   152730089   974081611   732727323   -247632449   914049535   290236089   -263653528   247595186   747768551   -354710370   686356673   -111202982   -272884355   583861759   374340891   -627198219   -539123492   470228326 
307348238   349976623   -549728211   -401489043   -552222506   841136457   713497354   -163554678   568418945   980186626   -761926216   -820159501   -514223277   995331543   -996038150   214867456   -544299529   -852183965   -461368096   -167807637 
265358131   -459733846   620903991   -633048655   -139412857   -531229713   -662165492   275918266   385328398   390770127   -693669688   938385614   -339462731   -248551812   -511058374   739668208   -946606778   512218506   -766582891   -828697143 
-718959240   -209773766   -300395542   776186032   272398765   688163766   695424853   661688086   -760405746   -574791264   -433019134   -219869207   846276020   161513467   -733984634   369825769   815763328   263095812   -661255095   966862537 
-859855832   -282050555   -628365010   -163261972   808384510   -457888114   606068878   674232604   -913625104   -41813994   337945617   486483314   -512383745   -83836417   782212075   -780646338   97287407   683086614   -786393639   -120748795 
-538775445   -58993289   -596203324   -256817194   971175376   488838012   -490807137   645727685   -711471697   -283353522   -261622978   893969012   -170250130   -771758590   -628060409   -538622946   -547973734   243886879   -182834558   433647084 
-816385950   327001503   -891443251   -316581832   660355118   -137384812   -955124486   265689435   21561465   -552662083   103040917   -884098756   104625258   596986412   -163040527   -681156303   860169342   -556168843   -308360913   558898053 
680175473   769869830   -90023022   -713427008   753811015   -775664809   -487729871   920525474   466890377   -584331526   -987927347   -5019904   -781263128   306113385   -429319060   -527271001   530665536   -785202747   -104562640   424311146 
972429307   999389828   -686299140   -185608401   -326971850   416790645   -332291769   560632784   569255030   -281752008   -225258873   399725684   -306656176   -81586643   -665975659   -176856719   -438722328   298637417   168587510   572136022 
258692494   -715637396   113336286   646208413   731385654   681721670   -653606512   -243307633   196910873   -340403404   -328700380   638709358   -244143785   676667214   -883011655   364492889   127589024   -543385760   125327330   561697746 
20
-787632402   482822446   -837225029   -671300974   285512729   -591182655   -685212592   27026530   459620833   -62980055   824277387   -7816224   -708422017   -493261996   324694746   -948239669   305680758   -295581380   330223992   -124668907 
398519741   -621788894   -312628437   982086410   -432041990   -747724968   -127470584   -835504537   -68413148   -115318122   -811747813   287547897   854127118   669669570   -931575572   348574359   604760876   -528936500   436568983   -857418478 
185169531   -325517690   -158410981   634384029   517695859   -534401907   209796   -349174974   -418401597   -886523111   -195413321   -367315264   -927528824   -141186516   -816970628   666606494   -145577893   -764225025   -802607519   403599933 
518531824   999130178   -670327960   129697531   -135852599   973013219   95632656   642930705   -80219713   576821498   146435784   -202008109   463184489   -535885406   -619990552   -326179090   -811511581   -809099174   783981277   937963607 
-595989784   947377254   875801293   535415985   751087651   60939924   -636657803   742471263   820401767   126953160   -168225857   245839584   -391770098   60236646   -988865479   809567384   347880855   393120058   718495877   -529658299 
-536097917   823480722   696758577   -396597788   -213489125   -850042701   910925318   -74851733   -165632688   88928930   303234038   76987530   -629358372   162748401   109759498   438776760   -887936526   922588783   -893340458   119812904 
-497473428   238199461   841058426   -363614104   -984665750   706776005   -133164422   292578227   42460068   -16040108   639305660   360343125   -658451996   130700042   291810899   85337128   542059562   226878055   281825824   -521296666 
-539260835   -356930473   -44246532   -351836668   -947078031   -173708296   -937346825   -659839005   -858532295   326963694   208807949   792319039   92923575   254278280   -196645737   -524420229   54403075   98464397   160557805   -833779566 
-135645645   513377910   97922375   -237907032   983169338   -163060377   914636366   821908050   -971293082   688906655   71043540   592866351   -93023738   468106523   -749391049   246014467   -426234377   283036488   31394558   -60343864 
-234802892   -469487943   909150552   267275506   -154954916   -945618333   637631992   335565773   943259583   542391555   395916597   738624974   231713894   932305377   310844644   -25310005   626210074   -309311215   -750062573   -956992586 
-126507160   669049177   689855507   984295325   937801055   188351737   503893544   -500967528   -845508443   -416342896   117381292   -315854833   49932354   -658049854   71201923   -304381607   -424552073   114073373   288955640   -322656855 
-169913779   332580408   596988510   -61104926   70019796   518224602   166138235   820740322   406499830   520795189   766399259   244544116   -480899787   -55335299   785348390   619131506   -549029536   895375689   -283667270   -156051234 
829495503   -721319689   -161838857   -279096167   -635986537   -869805040   -582182591   -538289614   394743719   338747336   82910296   -927994610   -37276720   380349298   255982507   -754126452   -97754910   -634563672   -69365680   -863139655 
853487860   -330612470   485290095   216413153   -626925960   707700967   974650846   97834948   6009291   235183573   44520012   -82631651   640907292   449836299   -683074384   -865723129   -307615957   -674952995   -213351090   59520739 
-233310588   148128382   146869558   -439250684   -961627336   -529932725   883478709   -633439586   -236838640   -936578865   -760098651   462291487   901556179   13919906   3072283   -9868751   -38659458   -505400726   176974414   -986400552 
-890835979   -470593067   114726227   -269154384   -941164950   604119914   -449758903   -886521291   582419324   -794871449   43793229   819865175   827263461   -139824579   -62739171   169666908   27145903   -28299389   330821372   -939912164 
-897471690   -301034141   -199188463   -995429052   -689274916   879878615   -366117445   -917297957   -451961683   575279451   884206233   -95650188   519728300   305787020   160344751   479716282   965916702   -235743511   -553386696   503466656 
341296146   20142800   616263285   113584211   897936434   -314806834   953643833   -429169316   472170664   110153804   481292543   -531576625   872861548   744469166   786876007   706894309   387197264   -990043473   116585227   -514900455 
237930481   -188049392   -21763837   700243184   930747164   -983427301   122201085   -605782058   400109371   481992417   319855799   -342751403   -835867278   284830919   312206435   82145893   -411914686   -131142835   969978177   852835183 
400504212   -806344360   567245375   572570215   -580780568   -941890871   793558052   171154801   -645787742   -181247009   -554654259   242103671   -732295729   -277343944   440720565   -485189287   -530265948   -722836545   415838967   625580193 
20
535816281   258763744   -994386455   466710528   995432395   -255512606   -404873473   -69261256   105510847   358429476   155804559   -172209475   237529452   -209944233   637913757   226865331   526384053   -981286467   -440586173   642814576 
780038527   25778865   312974819   -900513290   968704704   -968338194   -49494681   99449071   403579496   969661097   -34721143   -806028465   545365324   927564441   -595547604   -199367220   679190685   -83593710   505639978   -72225551 
-465162153   -830987953   376775036   -975038164   -189296839   -665884863   -61803616   -353019184   333179425   -421982656   -210096889   437746842   686516240   265605315   -776394859   -832286969   237670337   329732468   -941557498   -296689661 
-719514102   680293022   -98264165   -595555149   -449062126   -868337425   -469948677   -369241388   -674288657   -695584140   798384799   573440596   250723974   -67664241   -447621903   -563508714   -319456860   -807537145   -292508186   -100706777 
314945614   -843207877   119858112   710776917   -589652233   -130940951   918815161   422041335   468806008   -141215589   -173141743   46232686   -903988829   891063106   -159098382   -586820783   -561708051   -136041742   -62352916   251304065 
51420540   649683786   269382902   -921492922   -769575430   820201297   -854733034   996735818   667891502   -353335538   -856786384   648273341   220670829   744827473   349905266   962831316   -499897383   646387921   248802709   741138255 
-966351276   480262667   27566969   220772243   209889534   -229183294   -270448751   -516127859   636584980   -504549239   978789284   974928852   -89474875   133633924   463698370   875821908   535051169   -77701579   338612940   -643664414 
-910500483   -841928241   -174385628   289810489   731063094   -165852741   -381413606   -216168263   -12246950   193879666   -653121541   529993957   -858618615   177078103   -770691925   238721620   883437991   183396898   -784438793   -206877752 
-695474347   -720473074   423687349   -943511876   -215385307   -427448601   871648178   -356725111   195661733   -947051316   -974812518   -704266747   -217607228   -923130877   -472972733   -534850680   473362651   805467920   -652587222   -333702938 
-812931681   431749203   -855042003   -565760873   -655081419   670613153   -809662999   156099735   732167033   986232557   292698967   -646668719   622282925   -460623113   -691248934   -853494594   -207114855   -652099723   479385979   -578975145 
512396405   -91403427   -855529491   641912394   -420934481   -592509395   -942367626   -490159551   -729156851   -216368526   226949720   560656268   -219867653   303298810   293895177   221844159   -572327231   880615630   -539513713   -585249799 
-790692897   396736781   -685748512   147719233   -760922962   -276259941   40528570   -430358468   907186756   434586314   418893399   -540478602   469422095   782126361   364825198   558444303   -446360781   -57085252   310805988   -301355989 
-488541293   56812413   340840792   63617107   374205550   642850865   -702969390   -368061195   -491339242   971450923   801405380   348251242   297892448   445819844   -795003145   148184646   -429506609   748377654   912332539   -340775288 
-345290049   67653027   -164884837   -78427530   986021477   -277752685   -561408947   -514144746   28542982   508609776   225994216   -847474630   -823566416   -271678861   842273715   29521441   698581529   523433065   -113236495   743806472 
-817627416   -129124660   -517782190   311106485   867395230   94196713   970626455   39294665   894508540   -204616240   -130494583   -20793273   -813783406   874003759   55025829   422735216   464859746   -680919172   -158339378   -806453772 
479505038   -696744629   -516399301   -650543784   194315997   651893682   -857908925   143946363   -680069379   -22166468   -154268981   -122015799   -614250824   -569268574   622657122   -769829602   837877603   760505987   -45726747   324112228 
768521779   -246575580   868482646   795175299   809306621   606156170   254874874   968021687   411467236   -745799494   288653241   400963001   -531600090   374092494   226288894   213795604   -563302367   -83603044   822005621   620901955 
-996097337   895694372   853866359   -276392644   384593765   686800216   -863945796   -428531665   -602839621   -748865673   590815005   -523812637   964345555   213919578   -495656231   -682558961   690042612   -848241327   485293177   -606269855 
564636091   -998854116   971664090   -276482821   55397578   775305960   -455214713   -522836284   -45108505   -21118863   250161558   -616780910   -473175640   -786579952   931418215   284454594   -992087375   -740006677   -387396648   934419319 
-571063432   331600327   131928744   960412855   -140397390   -133824454   -911719339   -287002262   375283295   827307286   -34556754   -85778735   658201475   960908344   -910564009   -821799709   -347824352   725430313   -691556377   516960541 
20
-556195637   786501895   -16701420   820819619   58529146   -953535318   -836912265   370707636   272183840   -415131335   -869905453   -645401440   -351167810   -552567361   621646808   370747244   -964545448   530037469   -566205811   -337637690 
-739911512   -12624552   -979364544   -162238194   452236721   -679043890   -602595616   164401028   654991701   -875524522   -221848149   721154829   978089415   -263147795   -349358938   -421806459   746584396   522196676   88134105   -552890224 
-707219321   802754960   -838172653   -525019852   991276254   734316753   -253291082   341939808   285478761   270093664   -243320446   -907824772   -639277368   -100013717   -342178304   5862078   770072765   625695308   -454117974   -959251646 
-28502880   966744822   -126542616   -416580119   -794111209   -670618417   429336796   502560869   376776458   -201060350   348046697   -835119969   -615271807   168371318   -959040593   577909621   -716589641   -8116386   800252291   465909545 
809210258   801302989   477953869   -157748484   831356349   897252034   464265953   -249547771   -819527202   823866454   412874050   -676664796   -423623667   998064989   -921439510   -349423652   515334249   -890797886   25318222   138906020 
-172656899   151749665   -407947062   -608717900   234689631   -941181910   -362873065   639988152   -996187186   -839455969   -339828493   340774781   22683315   -88325694   -291097938   167735706   918921529   911255777   652317079   -81995951 
-387222286   349863924   567844556   582060067   48988544   857981601   -218726553   460599520   797112842   265101265   20139891   741020806   -335021254   30972017   -776515943   586203711   -514568977   438096586   -798664585   -235952034 
982073771   -877274394   709283955   -515800679   529858880   223904765   759217382   -486452324   46016582   -507789215   821083772   -943231421   -981438973   209985224   -347107712   477285201   -360934367   -998040538   -552193275   757172361 
-650673174   169816152   380949267   335437579   -102973540   -515122721   172773698   183398347   348328011   67519168   -812867143   -28523087   543884356   432754853   14386651   437740510   943270116   466950846   406878191   629929397 
444156049   -120617048   -393416140   926988061   -738923927   820503342   949968855   206654548   532764206   -457508059   625388891   -492919   577520687   -124439149   797209247   747357896   -32525762   -749855912   -506984471   866308659 
-347302368   748781036   -3108612   648774019   681079621   -948335578   -635931649   -614105894   316599846   -165725785   639046260   282047847   -931278604   703285839   852166828   943463557   -433194128   526809611   -98741361   553681773 
969140211   836883247   22417644   794258182   -125175184   836291429   -313148912   -723878782   447541790   306639774   -526264053   421440046   -744583184   -479809926   -535216940   440721139   -931777048   -201053058   415640431   950669190 
-49145901   -828721179   -972211499   -617918994   447489741   -234555258   -577720078   570444100   451815068   -332601055   583321868   234474313   -165153934   516881939   970627474   926476030   -3000707   73663341   333650147   696565745 
-648926822   -360117277   258219268   -103715223   661998920   985264481   176399096   572409073   -10184354   -153374995   -755492508   -202302818   59920024   83977558   -355746236   309064898   673590322   676399869   544777973   618700921 
-929316639   -419435120   664029536   -571742597   -791027436   232831217   431497920   -297386549   -296734255   457883519   -918943947   -948990555   -865385551   -615768795   431772433   -315695920   85899272   539465460   724173621   -818614852 
-176128647   312707029   -160473745   -355888555   -642371374   -881370093   124432903   -648740111   -716192829   331227921   -934936034   583602912   867847497   -742624525   69592922   579298370   -549616101   -979087835   337500488   884212027 
-473054543   -388770952   171602637   753293232   164999995   702297114   -221057927   533992938   -52543357   165950203   -965683842   722386431   503559510   -519825903   184572906   930022182   541541245   -189521298   -235793031   473521372 
364354284   286611503   983193220   923183250   243203431   729991474   742492712   -957960031   -609149430   -941954793   -70891486   -176041797   -13502054   615700142   528775265   198170862   -504269448   -546621133   -805609902   -419517990 
145440604   227024244   -99133091   383776596   580756472   -840092346   870753581   439239201   -9955400   -204953142   -273458122   557919585   -795272650   16068681   200768163   850030354   772569428   111136425   459566004   650843375 
-292520509   142849809   -429135541   -883813656   584023221   646746523   670226952   777847596   -316294318   -526401181   -721210378   -908812170   957462238   -683603142   70759438   390641468   -651286496   37628188   -554912395   719609586 
20
730585195   306752837   -46569500   -215171037   41789564   208294947   -654107107   71762354   -726464390   944737417   -870154708   -831800865   -440730612   505569179   -754937878   -769930677   332661415   338788966   -515086663   31552775 
-860602423   205157855   -8721376   -604032759   445846947   -510332348   -912537712   -342065911   -779667882   825228966   796530850   -798327626   -160548304   -825886995   984481124   939843128   277011599   447363945   915080567   525268654 
-939755252   -566598480   -884506895   705578506   -348491280   191430554   -362888890   246037651   244338128   -469773080   -361947248   501078639   616748534   -15347668   -183226347   -296813737   -727600599   539815039   829954072   8537094 
343639792   726749430   926230979   -85579786   -8087616   205063214   -118978842   901731707   -485599608   331679046   169360664   574572635   -123987845   -775954376   921480216   27818072   -730550265   -594042906   805891403   811661699 
937253879   495802327   -574163445   374514493   -978430246   -312799749   749853562   619118205   -132115712   -39472183   -245983276   -630934876   -988144983   159175302   -875282298   151629850   -382285558   -677971297   41637514   -913278828 
883010256   697515531   23203642   -380252414   -799222855   718969957   527181028   -919793759   706522311   -817509254   -387691693   588299497   -678364263   365800508   42030783   954020630   -695587149   918230454   -802195774   -688510663 
47472904   619051599   -147956501   824101151   -740571332   -585684527   -844317006   858749507   -312432807   636148082   101492724   -853403221   647575041   419728387   747135738   -715858102   -139751344   167875660   461429605   -90970647 
803069650   -9830910   -116338791   198759448   -147011583   -109060146   -824543313   5493214   818587150   862111675   677248693   962511157   -226162466   747513501   33208014   -276882135   -305005686   211221921   955782016   314782981 
-252690705   235286878   -69304195   -868818743   -835033450   513899951   878913509   -144452988   -421508838   -850296581   843838463   -260502912   -321675579   -904951963   -359537003   876056468   -999187102   -400741213   -745746783   467585922 
-26181195   658628720   472782638   958303213   777975902   481312654   -684775886   -141159490   891285025   -754331169   -985145073   -576074   247921986   -740966261   -937302444   -810826092   758973536   -426044040   -312212065   -47637338 
930844390   421105174   623129435   -281102517   635863610   336763787   -349799977   921453325   -742747449   420777238   -298608092   -656746070   928756242   -117029307   -671788906   181738060   -785702171   -131593700   619375101   949668437 
937733832   -479531044   -410923569   752925362   -315075451   151824856   -282142869   906959451   242492323   223165410   422404936   221796691   234598044   930098586   -168260146   807958128   -154696176   -370312771   852906785   294841252 
657409878   -608937931   965186269   86558563   -826297107   333975884   -944702099   -483545930   -427789610   788867421   653305037   677460661   879348075   620371240   -182404288   -649919757   245339737   -918630349   361417790   803854034 
-587850715   -47506179   106672535   -413126468   -9303569   944647119   -8222765   843147100   -332798881   620893639   206872293   126949432   -918771488   -334607153   -510932216   -451980944   239973483   -636234422   744891191   483840646 
568977991   -139488235   495867392   931195642   323202437   373794364   674810621   879276684   601146967   -239476693   953772167   -433824653   -535661262   596333534   473391055   -305066309   -36450063   309683382   -789418638   406445238 
-64304408   -337336134   -359809069   -778195377   535223753   19872869   -986865629   139558961   363032769   83817097   704613403   477186147   -685348591   144784078   -326595195   -438999050   134413636   -515282393   658794355   582825316 
-555109838   -942286591   -970884947   359070086   -65340310   -561019455   -889658454   -442387979   730599430   -888670651   -327332328   -917074785   -39529129   -801782606   752913537   748944927   -642289320   -87533836   193315651   543212521 
860434297   77802907   -682658970   -548525416   901795602   212237582   -428373724   720594182   -214317924   -285476604   314934451   212496906   699001171   -838626647   483146112   -884656797   667982662   -600934520   772161047   -876104859 
-247580181   -739572463   -882476779   515864446   370265497   -390298343   -240840532   421702121   -271305010   -406427452   -131459790   -456354810   -318016052   -551697311   -223079162   -693964856   -116407900   946168523   480145833   -464109278 
265227958   -842901312   -392608610   296045159   -159176831   598701192   -94956883   -942150768   210141515   62829890   -449213079   -630543460   339033201   52123613   852883394   613264526   -432535421   696167933   846258737   724701942 
20
962760689   551266369   -642135722   275796013   -880363349   362742045   146366059   -690103444   276400626   116358330   140787168   828507124   137271030   502056163   959662114   144828555   -102008308   677162223   -659161573   -644174258 
-173313819   337424843   -40260975   313090262   850252958   -395941927   -868516842   330223430   -689822559   69869146   -606701355   539065159   883631523   570582835   602360134   303014746   -856941526   -282409142   -885080513   928117189 
209355546   -493438546   -773769202   706197831   735639627   -693218291   979617762   964381361   -214178654   -471222225   -744272180   778411120   166019700   -141019889   -62842199   447996890   514364459   -221563140   -468332891   -889268614 
130923171   -887419891   -631405531   -295443592   -194436525   -149416866   319244913   -946185816   181115885   381084651   652971625   305443516   17843395   -291511150   948679563   256796247   -744503417   843626295   717483535   -145871189 
-472950678   193643732   -179183267   259877835   12163132   -726375332   701505374   -478437718   -432213915   -206443739   852951845   -846392895   358835040   -311764744   537167148   56416733   -954819073   370993762   -14400062   89988428 
110002572   425199714   -954655580   -159628831   628957490   -134254465   -352214509   -920608865   411351298   -563972809   614515613   107660247   -940211534   556577254   963509414   74212113   -662636286   772546132   659821111   919597274 
-176031649   -266905569   -32341707   -843424280   622555072   651406053   310524935   194003216   -716222562   328150052   956743665   805140556   341861875   -629518315   902811938   584093775   158754677   982253010   460527784   446308713 
940431544   891149698   144457128   -862178857   -607695588   727923505   -234247911   -696002060   587814388   493347352   -472902547   -486481703   432428899   -128068449   549532515   -130012840   -98333819   -755499530   -5711172   674083677 
806377105   -815845649   650574329   468298890   91456979   -206286629   -331100235   657170004   -931167239   -400569234   513173182   -572815996   424028804   -457020311   814835097   454624564   39651908   -429008968   173946580   428866202 
-494199429   920575630   -145131890   -619317665   -124642141   -44286197   -514870132   -960772860   265292890   786018868   -543382317   -41721538   602453985   -541794655   835820377   -585378009   726744499   292789486   176849259   -88482481 
-779119530   865387589   71669825   379634918   -442986176   -114012117   797446136   574351858   533865079   -651420934   -327414850   -197637022   -756178013   -691896209   -677444179   336349949   -474638989   63769254   -293515451   865825126 
484172071   411449016   -492662654   628333485   -562965799   149985745   201761759   876475270   987805223   -514219853   -99078514   -749672160   448159481   -158843684   -884986958   275651919   981041584   161545119   128230902   477315782 
344627183   -484051232   496769099   -110022689   263320054   669624732   -569380894   569174373   -521432300   -282409220   -361426040   -481575032   308958400   -770190490   97428537   -756202846   261334742   301416935   -659226953   -250448613 
-10363540   -565870389   -660590949   -369108267   667527864   -638629025   379148373   887746000   915476657   -983199419   -663687300   -721413116   -344437288   492615815   840467720   364814756   -270335586   -107853699   -318202904   592746613 
-774541088   -824619264   259920231   928945523   -366429901   111639295   -889388659   -627629393   -268377152   -133820320   -451918506   -393749897   -106202867   633854189   867668730   326428321   -947379672   149946618   -472995965   762061828 
25812465   365474177   -15139928   844565685   -914869389   -730278762   172817386   -679731864   830843338   357455487   -513489175   149187674   488634115   320637323   -672353078   909623533   -923400719   361947674   471279316   -839537261 
-932981500   -31344057   923029206   -120647589   249924121   130722089   746242615   -990066684   -564918361   845290580   -500586243   -445991174   434316951   282612626   477831478   -501585345   159951911   -998177704   -195030991   236256251 
496559340   -15513753   501642253   -259173411   -195108896   902040685   761509609   -971553256   195848797   877818852   -70473154   -599350754   -889008991   -974256072   -750437919   -601106465   338907612   866951957   -799714719   -814024968 
133928068   4272898   -881345404   362422029   266220214   53840395   342005754   663680673   -130406949   -5256425   255206741   -939727260   -578507415   261882199   859817120   -777671028   19822970   208348142   -421628087   316187644 
12660657   591848811   577735783   -252081301   -397741827   -8567656   -107700837   532869551   -816115673   147216710   417178433   -759451060   576170927   -273547153   361856987   -358237794   -259509948   -894323826   909078154   -940154912 
20
-620957453   -208896855   -275778140   432819927   307462048   537113899   -870727359   10869042   771184235   -806322431   438841193   322428507   -680295076   37939285   612558802   -208560634   -764731568   312207902   -610004346   360111883 
579833468   -786656405   -340425678   -337748101   -506200418   -976635119   -264258993   332115252   -60665838   -842772974   435249550   691461772   -593549532   -817305056   6039931   -747330863   309031363   -95664931   -514249012   868649872 
-458849538   11723386   -287112   -819261874   -487265186   -374484975   -787806002   -767813354   945130752   -337937748   863354713   773317841   677200519   413822623   -214802155   120887371   882096409   270538967   -971061027   678028204 
733582744   -617167161   -958963898   -379036665   312425575   617905459   -996097285   -846282462   774628268   119130644   28694834   -380255724   -527427236   -93013643   -435647935   -176719601   -490548313   395430106   988430158   -830777009 
-981881353   -895858930   -753815850   -431595090   594553744   402481717   -673059241   -817360951   -921832532   -512657405   -630246710   921874414   -22250435   88968372   854477865   -458434866   916326248   33741025   447586389   606115114 
-316723669   -406992705   -813271277   -582021956   -299785328   428026692   332445479   754834077   -981549812   -734498889   799668102   206786698   -724550147   791897245   -679955684   147501042   25767717   -71672792   786982274   -406343721 
-159524689   832112221   -809532746   -815874677   497468397   -443145665   -966084669   247153857   -941418737   -288463572   816472018   -150104445   -873120559   553179057   -759186966   560554875   -554465788   907894036   -239144040   -722440562 
-711247329   349986867   -543794494   877704346   -750827331   -482580089   -381252024   -725599274   -14232200   -974731756   474191615   -610009316   -601591895   648533027   677796867   740387376   349137990   476520339   301331105   892312271 
222109969   -936332181   -92242432   -637851959   -903574717   914451782   -71270587   677952908   66147028   -635163596   -322630436   -272319699   -620087840   -124367375   -90067287   40587690   143178429   -690828259   -146882464   153536042 
-468793971   -383569807   -513717081   581603731   440440220   991777704   -710289338   -958269119   -780366984   866560122   -388374618   -497922311   -863603057   371155396   236640861   -187520577   -441661682   864329530   589269568   -412784458 
42487548   949785766   850094081   506837908   -693534983   -467731719   137391934   813113161   256136595   747561009   606656625   627203238   249276057   196260657   704542388   -299586882   342130354   264295639   -799083163   445699901 
-934087486   463172302   695381867   955184039   -675490968   464583460   480442097   193235481   -642282692   451396414   118562685   890203002   879223013   -375244480   -317449250   596309313   146294958   656029532   640566491   -598278307 
-936321652   -835838254   114318858   -990410368   605236238   -819695387   824530564   869618842   -800087366   527135140   -445611562   948666995   -14084248   93472962   -310482628   -962067163   129580796   -48338082   -78601665   -711880135 
-568905005   557787768   2312285   965102922   752881475   -693338127   768119214   -679918471   -679448003   767131678   352141626   -318763040   -858583075   -511835457   -851468201   -634755097   879838621   674598641   396398032   449101435 
108457314   835401031   401585515   856389879   -748845203   -547262136   -132086852   -929491397   -825255851   879624479   353927808   819121737   -984966083   -189687063   531501859   507735301   -949235210   -316123854   516165247   63542312 
-243433468   590495525   -164900659   819432076   887440415   182001047   -758202674   372637536   -713173362   344576093   -995148739   -95933621   527279964   -275756229   892840740   276022262   966801397   -437725707   666114185   -208036534 
-805644272   830035330   375317568   89848936   -53403490   457474849   100774985   -648750577   -15982849   876819555   -451040703   -559641019   428331850   -681066577   -703660760   894354777   258933773   354649207   -977046560   867120011 
341272045   -158696844   -999160145   -19632121   -550204576   285438759   -734690472   -965511918   -380721799   303299208   689089331   -431016615   658713752   599304913   296191096   -268890667   -459738380   548890689   808209979   786790897 
912942402   241045218   -29435438   525043694   -763696300   85042922   -512978157   848382679   248048993   638591697   706709827   -296434350   -246258690   -628231893   -104940501   -115465260   -111354152   -462577371   -525238501   91602210 
29906981   -115962637   448282010   531741636   -225199079   359887159   209026263   626425371   -936411526   -613129863   -276907998   -675478179   -85627043   767991585   272319775   965395282   -762039037   -975507478   -812975559   -195937448 
20
734295802   908429071   820145660   375894629   -518286330   892917033   30539270   427090937   -271302755   311034627   149953359   -376445019   -384563734   -307958601   733918315   -666857568   10003215   94430850   -755483484   -482576198 
462055744   314741684   3055287   -161365238   809196717   780712023   -312986892   227545877   -419914892   -250725322   248261520   -169470554   654541297   -641305656   820074963   548145784   348363814   306402598   -439527833   830301906 
282836478   -550765050   -608313532   -678860807   -852230937   639410836   461776304   808339392   740700524   127097061   -424279873   -242045364   556613683   -973280161   -453552913   -749065155   588909425   39631381   -780935960   706095857 
397435924   -38813484   -883599897   -319120618   -558541505   299409000   799217396   -189537540   803770216   585884670   730566955   -280264329   416008076   42731535   -470639529   -423592795   668065899   -256461887   948024904   620796146 
708895466   -168215870   -158211118   -387012102   534971272   496870371   416019744   -134651221   212374944   986838138   -515142017   132037305   381127644   -510028922   252283950   -461356491   -534456084   -966983588   -777319419   206730644 
-407640697   417661103   -139460622   449969291   -586792186   -48758294   805524580   436863702   -175818687   -676211386   661496837   -576218176   185168773   -837684621   -909195857   -794134103   168328830   966571440   803597788   278358333 
460855208   -918375421   -176642194   -862782308   21443272   -478632730   -606066185   -120195524   -25562759   214120124   -297813893   428137272   607774278   -451544154   -620173216   -140321515   853183215   669314963   693352379   361121724 
-435674927   -74620246   69485809   691951459   350101759   855830527   703876291   -546822315   -749448798   -478667778   957132705   -156058180   555059517   241254968   -388720320   -324559453   637336292   -141266488   535934516   961850751 
-687548515   773441349   -940595803   445641779   986402908   701956546   -44818264   880738427   -486295868   -317107422   -986710608   346017040   -663378897   -380065213   -95405635   368982815   -450983578   35042108   -447935471   -650927783 
-917038276   344807945   -824051384   190679666   628567636   -709035277   701481960   -985724202   447523808   -618478   71507613   759642168   -307980678   191426014   -538682842   499645675   411855267   -186898314   -218045369   -81164718 
-556658045   -629892039   -285757477   979962617   -625421882   400530519   705460855   -615317046   313878209   -603490704   155704541   637093646   815977057   990287182   761489324   789715550   -242805248   855889663   217088235   683431906 
-856346874   -327533735   -149597849   395962003   -355565660   -817752696   571127625   -21606857   873990448   650599351   -156973484   381666877   -253489332   30756440   416742855   564409399   687814881   918046634   790366731   -209462298 
-343772801   -618496277   -669053981   -882421182   -598410046   916688849   202603532   17781096   -318525405   420239338   172263777   794952410   -505285525   -781705115   -170799101   330362246   331130151   296513210   913777041   -18724559 
788300087   181410543   413064373   5686820   963532714   -104403845   824588337   -899996891   793557028   221631223   89278808   12178537   -979320400   -47923065   843312083   453425352   -472935211   -472599099   -849249929   435264285 
199654449   718401966   731675886   -770930840   378716134   114371119   552750303   728651434   -859341319   -224315231   -593082563   -658204947   444463925   -690605452   878123187   -17971509   318365095   -392140857   -575688798   -941865375 
147523577   404935607   410435262   -971222893   -964107410   874683635   150463633   -927955397   -813334811   649326981   586446794   -575213224   -327775103   -346118024   141815822   88105525   -77317322   79753517   410490694   888142116 
63210978   639260984   -189275746   579149707   817550080   81049197   963874502   191296307   423984046   -483614039   122993013   -456796362   -21129310   -574422314   81567937   770036133   94420476   -792285216   -780817361   -320703173 
-884924336   -17822527   38607380   -13430252   -526429564   -549898627   -539145343   183179600   -818472998   465683597   -859839463   -469600524   907786319   -196489161   -128415509   216959091   -107150136   -208721526   598005109   603613236 
291349478   -700904574   538491286   189822866   540302837   888535746   -5643264   511665818   330451469   -852659585   365165841   -734380627   760179737   338307973   -620866700   -797459385   -799520719   -47959513   -545989366   -79297035 
723560067   -81935663   -480327036   -152628089   87917163   37039041   24530036   225773571   -896778303   -33286012   632530508   -174382318   -441678873   -909624828   393073789   -215877745   -398083504   -236677152   733756132   -571137074 
20
-583055945   -315470290   209293348   141352276   -390882879   -79340249   641326441   -278390452   197600675   465341142   -668647119   412023816   -616336520   611276139   -708113100   216495097   293229239   185996303   80598947   464691048 
-595347795   408126381   658105381   -275719533   -174425467   -704531079   656250906   -723704336   -169452406   -229560892   671693739   291537328   864507594   222776334   239678590   -701441944   922602949   -769031335   269225071   19569343 
345216054   -122105485   -969922679   266281307   -877457354   -179939034   222358477   -329837324   511033698   -318122634   -344439524   866140695   -783548204   -53176211   959745747   -752893605   -104602554   274506700   -996789245   205613232 
237651660   -86101451   -826975460   -664062686   847314417   597780350   816115086   -964978714   -709497769   236857086   963034732   203629004   824646005   683004313   193359105   162213126   545134139   -35489786   301236369   673323346 
-107401603   477415615   502656180   -814597051   770401317   -468973181   738744724   -997362519   634098666   -54398432   -325268016   183922735   -124453652   566330202   972246157   364790521   -246866398   974689583   189547429   363035232 
120979928   -924887816   -383094280   734934359   491985372   -551377564   215606810   -112704531   -947518144   -54731964   -132153941   -837349307   -228589469   332097547   -577880169   -356830797   855372280   738232455   -33269008   839689377 
-853847179   756293343   -101286427   157369799   -598099553   442423557   56512021   -142146812   458621800   335226966   142625813   -251858988   -332253056   -915127134   -118515239   -373500409   401416711   633992073   494200061   -539381671 
541698899   851141442   -793199754   179992607   -8094086   280890905   149136347   -124856106   -580303384   -883828135   -874922421   481549990   814290641   130168739   -358900035   918550751   -243194282   915970908   466042431   -323609016 
891686670   690507287   409230425   -880890842   -416626985   734826862   693209082   665697874   833836306   -431071940   634044413   -43424652   -431703099   974080175   -336535905   637052640   -801510315   -886750653   -104933863   908997720 
389956155   -796059583   684626   539246603   748019233   927411541   347786671   -570897169   -547436322   848982529   -4074839   -670205548   -281368708   216056175   -922515278   -294842952   634901860   -899068075   -373838272   -532856235 
-390157404   207182916   -37621422   649399538   87240512   -675555255   -123495169   -715592592   -18216601   349058091   -423323038   729254313   587205988   -68425481   367359515   889903129   -813175033   154542288   865684300   532192285 
724576994   -166316975   -899870373   -311012939   925997360   93839753   -181809029   -323458006   998102895   -396201743   666682811   983596739   381568283   -376756954   872893149   -533845909   -687073397   220130436   -373254317   -247955245 
-80745029   -142867528   939978989   -594698751   745064819   299150024   -764355570   -407784532   237901393   -383855927   929296716   39915469   -285745660   -256692149   -243682546   -11004193   -661687539   543222360   885775644   -251249347 
417282988   96133407   98999269   109794103   -398457607   339516466   506803230   -230075829   347186916   -522877402   -37339833   234189263   -251101311   751540409   534841936   288281542   -962754689   975154723   117406710   -902654771 
-7481158   -26819565   -799752938   -885796343   -262200204   -960230667   -870124297   -310982110   -983507956   -412969460   -734609950   295155768   -412271383   169248752   -791852065   -993793195   -305044002   -137866411   491709906   492548413 
-142329640   -512845986   -776972530   -473575902   -53508971   -975095206   347789906   -422122102   -153476929   -881949082   -282221880   -864283909   -407512647   -533899247   -813178169   -877873307   842854036   -737912441   697565252   512348080 
487803625   604822980   797414336   -344692238   -890377378   494467784   -367975706   450591634   -697737031   97783242   575230242   901032456   -462669077   658726096   187212358   234812904   607421780   -702930565   837709057   739575931 
226665372   105468897   628858084   10156656   453730346   -926243607   828975649   -887781971   751421851   787188760   -193218424   -536413047   515086392   -62123499   -747733238   -120987899   -579870428   834637901   927692548   781638399 
-854184583   642445658   -202653176   438180307   33351849   -82339705   -143542123   -670093162   -443508210   -718540739   -294884515   1460343   -899159247   318487186   -926884079   516516077   596131040   724971052   -174154385   997461593 
-897908344   -915120046   -419590753   -891071098   92592880   326613768   897454452   685807164   158739228   904715620   -509199314   -799180641   473934423   151730188   -324295176   896001377   -602827086   -921879836   -469587478   -29196666 
20
-257447727   -148065405   -204372038   -116692903   -512740803   -381685540   -708950169   -374978123   -273599592   269014364   726319401   -395615684   328705710   580197575   436622630   -278783661   -400399161   -921361055   138871644   -32713027 
179812509   -342514666   -395598900   -48693587   954756958   -515042942   -13523322   960737271   964569680   -799805531   -923621008   -577046772   656632277   163846035   -116384231   613700244   -799549012   -497844109   193216979   -741353379 
114947580   332876159   258299866   307509575   -977089254   884549363   509431777   499131882   -232985418   -146253789   683478793   423066985   -35793327   -32697339   -431496796   -88221659   132757466   464020148   -932906534   125995802 
-595517700   762695910   339337208   -281077673   582983980   80803352   -262604931   19932653   973486367   824177438   -295896663   863232699   956238762   -26421053   728853610   262078139   -313588955   865774054   903651426   -522266231 
-901616975   -386892803   734269401   -212163208   492032499   -340289419   414476800   -266664295   381099884   -12354168   179938795   -734371000   114999147   689835698   -314800222   395180447   537238880   146829448   -262661582   -716986484 
807028052   -617440522   -41338335   -453424648   116899121   -138363837   586695725   -718338560   -985040998   -755726435   -367480841   -295273422   -359547172   -983049690   -17079909   419214323   377921917   903762112   -765431445   -350083316 
110634401   167647886   -390274203   -310884219   -400408685   675694380   805322961   -54457079   -452635850   247159959   436884502   -617848787   90214791   -977363632   -955429469   790178486   -898579368   302739552   796584151   661436874 
945548757   448760666   693512172   409463511   690302393   521191590   756773864   -687218592   9305474   -977679168   -716981167   955415887   730368232   -504712613   465979202   -678497513   387788276   -879566223   -796294093   -565949966 
-944672982   -757234309   -261200256   -716543193   -483714551   284964848   707437478   785610059   963821544   260450811   -185835447   15702927   590751897   633797544   -84048800   -75889732   -801694534   -49478086   123416832   -291814645 
-205890847   -559054165   -215558298   -997284040   549184389   802735934   -804396289   -707989139   -44750556   548627046   -261486373   -727435718   -190904830   -158049879   -292156190   816994536   -777770634   -566978509   -17230420   91201478 
-995344155   772362819   -425646300   -733033112   460831465   -407749742   -521931820   512701521   -478092391   570282386   -198771982   29890785   972968942   -396130583   -948616032   -354860368   782855283   -127291940   412553126   -871840458 
885090145   -501209528   13162553   -884894326   -384508410   454197657   -429373269   -93145618   -258552451   -269213911   592330277   -201305851   -190848084   565040126   438457737   612637485   -641183825   -853948572   -160771801   -47880884 
-364906328   720131029   105488146   -395479274   -443321581   -771415856   870029644   -326420375   591008535   -215349817   -664695332   404800463   848140560   -690700344   -595180481   -172822404   -379568904   479977999   168689068   987796027 
-155472366   723881312   -427909576   747893798   442091133   46718030   -212160236   -867807270   -693430473   137048654   662464878   -56315177   415620305   611446247   235213996   829526773   -651302883   820662725   -794900645   -324234731 
-910559501   159497028   762793016   -306536613   885280450   -791083500   -666231829   139041228   -304409802   -129464437   716335843   -510837394   969905013   155161426   -667157927   -378381563   604324826   77831506   469866563   -317295909 
-693367958   -931287820   -517550989   418392400   -122215468   6331004   -254957290   81915910   -710197843   -93589211   265122168   -281657756   329429782   -980511581   341394389   109969430   -377652708   -368670954   411982966   462262198 
406644487   73742879   -788040597   492238916   -627427618   341013376   671698309   -954497558   318547986   882647389   952123799   -914739405   -598199314   909578558   -248047539   -455947712   769327901   -112414839   854736536   -450176702 
709658352   -514229711   956450531   -450140674   179400826   721869785   373732993   392885320   988588868   -685442814   -753206785   50511052   487638783   -686432281   301154625   389019944   -167375418   -184715850   292915094   -523926501 
-135171874   -518273768   502594193   696620731   524532216   -78586489   -371211253   512700920   245653699   895290641   279378832   -838745669   -601307426   -270848991   -150644170   -163473387   363099050   758261577   -510998953   -94220343 
-27975086   425807525   -335231728   887887263   16731240   -415542975   -726919974   -482402961   684782259   -243094389   -878847271   850668581   32329815   -2699098   805631465   520470339   -927938687   -812550058   547508066   -401330477 
-1
