20
-694636671   -638786058   -666429529   928169624   584927680   430221306   -977079053   -44554245   741404647   519359185   772006589   -151206082   920031741   -874576279   566765164   748558297   -576534793   -991535567   416543415   132554777 
239054266   -894758256   325917329   -195887131   643922662   213549277   427127408   500034950   -130919   -42707956   -96515557   521939302   522638381   -998714757   202378261   489830010   -859938563   -378767273   722288534   864187050 
472416337   651602145   -774995952   495163263   124073554   299211233   370392258   -483516819   795988103   -291421886   326179723   735200527   -945642544   -677698314   153679095   185851908   285226425   938674784   575526810   807290504 
716530482   -502189979   -819811805   94080116   708718829   352564249   608994178   -983436918   -415721496   -831233828   910441839   -487726215   547478452   857680437   199175852   -670130064   537854782   915236041   521631786   499297184 
-120538657   -783271597   -285057785   -557654006   785867591   797170203   -693595598   503454761   378072009   315459061   -756411731   -880592543   -430638867   -455658089   -470570377   539012988   -916017814   173431627   323026076   -37308282 
978838107   -347871931   -520392172   -233010422   -41781341   669456803   805445520   -893698924   -200728049   -316532193   126312830   -558426479   -1172036   399515499   812979898   12807814   530957487   714163160   938833704   -601872991 
445289800   864404260   -956450135   -871896265   788915177   -832097209   -379335955   -946948260   377584287   -362480449   917177632   -779841015   289345972   -646561091   311518113   285755459   -9296828   770832126   -642625988   527363355 
-641450289   973605018   479401422   -732583448   835162071   933824017   -397243228   550455303   -258615905   220033920   82769110   397215227   -583321236   122040858   245671977   304537270   730573088   167627105   -352332966   237704880 
457743946   -957940734   -168162350   -313553188   252538249   -24007251   -728090643   -536185157   -529183278   211747555   -354717704   285151266   -742070829   -35000641   825064327   -15610885   -320759594   -237919206   948434584   -199661327 
-409687265   810212841   -30869603   972089724   890036623   326881699   619264989   -141711160   -378123735   -58894982   -740127512   -502143517   246147341   650504195   387200691   -733475891   975538840   518183188   481934586   -232384879 
713149857   452569877   -8047669   381171418   -165921589   -883898609   -244990243   -498191060   -602936497   -41099078   22207948   555495165   -579760305   729485526   -592857244   16347324   -193493243   709489585   400877602   -329436785 
-325484650   241065105   -145919186   -716770596   361925933   -195416372   383813173   744606001   -143394803   631987222   -787043209   206815392   162718016   -800348691   718574553   -138395476   522309168   257257677   -11671227   286577678 
-188926911   481782658   882980352   318090281   -462563369   -941058732   342241492   -351143033   -578234408   -757730751   663207181   -513687720   326687946   221046886   261043599   719121910   591559245   452928443   899730932   950054796 
38342084   546204161   -489860594   720375802   -191922202   -290070728   -729139124   912509476   -860268417   363593371   455007984   -138937266   57591611   103214148   395968895   909729847   864019635   824686721   -797507023   504726143 
-559990894   985354958   359569253   -38085745   -378932562   -685386875   -821084695   -908507700   -516196669   196684147   -917735204   -627161518   -593281485   614122963   794470917   -999857018   -252763599   251029510   -224654311   -279289085 
-945815050   -930782195   -731707824   346729547   123479466   -454188194   -796103917   505043603   984937116   456013852   -902210935   403545115   -967910778   842067667   -261214727   -922580997   -605865789   582714268   -340546921   -317789042 
-605240017   -164903829   12987001   936042935   637761942   -427705343   966670729   286815902   -502415619   -644136705   -452670215   737864984   -298884189   581172163   -132782393   71759511   -645802308   157060532   -355919541   -814682319 
-959716266   -209548776   -6126339   476773033   516193791   -95289616   -629205398   61287374   514925053   -491378604   -812026986   -782646226   942884151   411875352   669223993   -466555211   -902556597   -666487848   381675915   931262192 
-414798750   -868206659   11614339   229504   -827600033   -956319669   65253816   355087832   -959339980   629560898   -26863204   80148309   -183965750   -260853495   186957059   -601347685   466581559   -968132067   -576794061   -876608154 
-690382424   798231986   -936308648   -132647910   793270291   145205419   674651583   -727049131   117644094   87846954   -627233748   202398175   -107504545   -786484220   -956013038   -780950346   -945279986   -144101559   19503329   -952097512 
20
-515461693   -986917447   -666924210   -864048971   -244685623   374179297   -142628470   -211681703   836045918   -441755339   -673957151   943507362   25068268   -846535938   699375895   551790529   -509354744   789654073   588569477   -192387851 
-314199655   -776608913   996912249   -947017952   302270106   -522001997   435977886   -852232274   -683477570   125127827   691717229   711072037   710799953   -769313078   233640782   -741988663   360823249   307732640   -874236999   694796660 
-969882293   -984395969   500075044   819848962   -999204702   870199913   -773354934   137636050   -643277027   455982023   -470871946   -804764679   -871279734   -171190984   927983758   626686117   -432380724   -265553307   -135622739   927765068 
177764571   730264776   206257270   623612062   883624400   -338705405   340369231   333271585   -374758215   95503623   970887718   425626707   -63071138   -889712690   -334811918   526165927   -687544272   -410076110   334616624   22553656 
-41254815   -409385656   -684401453   -780857718   -791894930   -908092821   -502425666   140067178   -561239372   275422412   -328938219   189264530   679827934   -63784926   655899277   -348635165   -920460204   -902353745   795829854   533421574 
-900531139   166045477   -360761161   -402444770   287248308   -338944381   -406657112   706308587   -814434242   162493173   379288064   -400648607   900252817   839140057   23690878   475618651   36590132   308270810   -300596403   153836084 
-636459341   183512476   -636495535   426950746   -435842064   -686583277   701536912   -434887961   -265458171   450694234   -213181799   90487095   -650115660   -65251766   -952661938   467796762   -587098699   163837671   -706305196   323025540 
-181592480   -800342449   34431144   -495214584   244153111   435577866   -607251017   736131379   -299514078   865605143   197407878   -403838107   663978852   285571317   -646827211   656904443   233849314   425109851   -974629951   313350351 
306368491   742696815   -796678340   153594659   -443666314   -372239014   -836602624   -577117100   618357341   213647482   -22304395   -646676325   212258608   -773020438   301354273   -304850270   -871383158   259133748   202630161   83502683 
-787871487   437716348   -212803779   -758099780   -461525791   49408022   -131951877   -859318235   -119868034   591756293   -502349130   -61264253   -881980611   442122100   -919997393   479275165   -60864310   -832314208   638560740   -259222123 
106702131   -708719659   974346432   59350456   -308610246   -28008872   472202403   -474197304   111452191   -235857419   449411023   941273238   -547022982   236323694   -562687074   -659165180   142633985   -928022788   -868478149   -489663653 
-976915875   460332721   175189090   908543170   -345159266   556405801   -167781735   391021893   -403277531   50014055   -856602998   19075328   166882249   508904838   -274487585   -319212354   -612868538   -241979543   -268769088   721689461 
-408656937   753968945   251862960   101157472   608651597   104609400   146205399   -933825548   185899015   -991574610   221504592   -583306242   562658913   485319209   596196190   143183133   -904659842   491116710   777860072   602921137 
282417629   -534061254   -680805676   27870739   -560344228   -170989562   768753439   791063792   240625899   -242430414   -573699948   691445255   736341182   843298949   644214112   879552640   -142633869   -672376736   427890460   300057328 
388519152   203150739   726222009   -770817522   -494777041   156377049   -875500035   522025395   668387748   325524897   966229600   987096618   39830057   -445011470   -902911167   17224259   361398759   171425685   648891132   -193159603 
-407630260   -147373174   856973190   -577801895   353221197   212086175   649282856   280993544   297122314   125770518   492581885   524943943   825413799   153426434   51148378   -965175702   -553783930   -535415319   -725373264   312221349 
401901058   -374144090   571499613   -262172724   316494179   -738204681   -133410371   737215315   604029474   566166694   -298581247   -175979341   -816146108   -570104472   -641035901   999750830   -523718108   985180167   -841646683   -988010303 
376667319   -725564957   858979883   801221222   786551784   887867862   -347753546   283820409   -792190150   -303064796   409342516   34759448   -505819008   -384042159   -176972310   752204741   368745411   -94142325   801498655   -335593858 
-87581322   384106102   -813396803   -608802940   -94919484   727887516   337464381   -483315592   903726888   81045218   816666344   493845882   919245066   338997442   -803403430   49583445   772033445   224240849   561529170   974734278 
507944300   -484435086   -221776423   -929875378   -29637863   2690707   824915117   -511596003   211650041   861683755   -695196900   -957359504   199619305   -413707805   -625598787   951429021   486788413   -815609723   524644750   -164724897 
20
586026636   -250540513   370209507   294748300   -515070946   68026415   640187054   675977317   895566857   308307102   950941505   112718213   213846528   -965920757   103144868   -637087206   248638488   -307662387   -777738809   619759810 
-71349788   -105908093   175780776   -885147873   -559975052   -85573948   347881802   -618336515   -803777767   134322212   19012474   -209545090   829243421   -785752667   -20927932   -242551426   96824536   148946982   -276211187   -229894928 
-270588837   -421307961   53783011   -763990322   -924557646   502531294   3526104   -934816725   -511312124   -14698354   358236126   32578980   151312909   520181604   -74414227   -239466008   928070   -692496814   104907399   -746937512 
162319503   544850426   897032636   634134115   335228156   -566494792   -950476644   831203128   427894454   921664095   -422497924   -45802213   115864416   -936663106   -951709238   -339900114   675924662   98497281   660447286   -510006092 
526247095   933915511   783159455   153503165   -220400910   -740585336   -382663759   285208130   524279603   960523332   -341920729   -237448275   429911173   65889356   916778368   502047120   688539402   -731431928   -418316218   424302704 
-687069913   -290198528   -349749940   650263384   224852769   -904753487   930055760   -78617701   -436814870   875402084   -749950685   -301121889   696877743   -490777358   -436097743   -657238219   943680748   994304244   512700255   -534029847 
182069512   613687835   -337629799   241701111   216296842   631993240   -405984820   83368205   -57508504   96790391   -702120509   -981763688   112067197   201040218   194196726   305417652   678469951   488588345   -769789016   142987538 
347810049   -713729346   105543566   -520487500   119616712   985744160   -27924517   267547124   394550702   988265286   -591587086   -772931389   -732064954   -270560407   727715335   -722360734   -480866508   -49925294   -639782024   564298180 
-358370837   -926644612   -30533671   672597710   -36725973   -409544230   -262735765   213603530   -719006897   -166722232   462271990   830594105   -399165154   -357711504   352354383   -175493483   339290985   737590124   -444681269   329974565 
-438066866   323308488   700168321   -391801408   -347134384   990256386   -295127254   654199874   74629405   904422129   -695350725   -998837951   443030976   -993452340   -253321358   -211387459   -946661455   514679377   -777596905   -581910215 
-133967251   -488736239   307813868   420450235   376593006   577166257   -710878835   -439816376   595029688   831143990   -346707192   358309005   587169656   58009750   -562609510   865790797   -662823173   -412105682   -231122417   -682557423 
650757333   -545953429   984867186   373965821   -560941235   -717042035   -869593860   694670090   -305371878   -415452481   -773281213   897176344   -650706430   781677344   374775829   -535264196   -712717797   -920103260   -96016172   680717618 
415229059   -452455957   746471522   965144200   -199688345   -411829732   -553093979   -267748193   -17874062   93719869   -754956909   -3156866   -522212808   -989862469   60433013   754362072   -992369566   967508027   -873370769   459916548 
686086044   784612407   935888714   -415647679   331661705   -944839620   -815768438   -881657050   316477135   623037957   -798283235   917289003   -529054970   -588316715   207588217   -979636368   291714028   -736215386   -459372091   -993385455 
-975291956   794016118   586244641   -176538692   -892431806   -918789361   -329949162   785218054   -452284366   76516443   -149550916   -980664587   -911237824   -721186164   -690986597   365166046   640051586   959524632   498970522   -647692609 
935828205   -674933205   324606842   -508972696   -451491265   -482797449   -188746233   669764279   755923635   -280542121   -969652729   314245948   273663345   425951530   377433910   210980835   -133143035   392248351   -599929157   759891830 
241083517   -873319264   72893362   471948651   -716914305   -511186234   151463863   -868810013   741915471   -594868175   891261543   379658828   -717124519   -334974389   704582907   719101963   568599681   -635703404   -716870826   459655750 
-745256248   281380452   536693251   569129110   191668175   -217525901   100069431   -531283061   -28762127   43553262   -429854704   -386770007   771120547   -43350596   -948470528   598369062   932642314   -227746421   892438789   674397772 
420764732   -495450054   -389241975   940396254   403775583   -210705957   -368167445   -646847972   522013206   584513077   -518084783   -294101029   -428533116   -922100056   247057747   -964861405   355891869   340816992   659148906   659266107 
297459009   354918789   38571812   -282699751   74190198   -205232479   -341610680   327669083   929720506   -515710329   -631093596   -939904622   -870007042   -144421890   -847421616   163624615   -168889831   -928073537   -836417376   -596608129 
20
291590737   823273189   685503826   -614611881   -111514517   204329633   515997539   166326707   -511159454   -548430822   187779303   891478214   542656727   428768028   -961639682   699340879   747187556   -208478970   -269359612   -789217621 
224294982   300699845   -5868869   302263168   907424429   98710268   380399720   330622372   85956683   -524425250   97840737   -650227679   -109091240   -732352072   202263308   102783808   734662877   -107113449   -625391255   -645798293 
-505947370   -20193748   843355806   775348646   791304937   318258050   -336732589   -247380449   753870169   168686328   -787842185   -683740335   -397492862   -552324280   946708035   103170430   -362418931   -254027673   619351940   548649067 
-619930785   255311713   175544734   -261553447   -14686362   112242779   -726647309   165092541   760794592   468695555   -364072141   799766768   -67920203   -571541659   380989743   -202013706   95832882   -193172465   -387854460   -267603186 
-389277902   -554283958   -16462727   614120552   -486975416   -245242537   -782985403   578696142   -991672545   994420960   594020028   512593574   -407194148   574899148   -841445613   509805941   294525150   -347814224   475786116   -661526459 
-702603412   641085324   104780894   -39217148   -957354971   -332768132   781002854   565383509   -75449750   -475244211   -267718952   -552014959   -726777506   -28825228   -821065287   -620568367   -545472979   361254771   855919080   93530059 
961581407   516205501   749440700   -360117863   457013474   836158982   -216928671   -747432893   689678526   -754166582   -546044823   -434227016   289230993   -872015628   -885487198   293624114   33030624   -717159939   -515821335   60533198 
661732245   -236328170   634429647   -143728693   -389660124   113268670   -140879096   550714126   51087389   -79061699   -885516571   665197233   -913608061   641700788   -896423051   -544575557   -911256413   -496834181   47341811   737561426 
-301834271   388667642   479744114   321186938   20524009   -916591221   786857844   -228073390   587877980   -846486384   -613078647   399478574   -790816592   126649903   898384665   340328037   452841602   -810365403   -410167819   -727326042 
596422533   -964790845   568811412   261992213   875820981   634378014   33132948   -731869880   -291523018   -23791094   89461425   431800275   -427844194   481910399   -231889633   -359097151   788941559   884693879   -607465056   457244200 
-536687395   649369023   615285506   1633273   -847562424   97004802   756946327   329132575   30683466   388096512   205064621   626554037   296302188   481836673   317073568   721923312   -857594178   114696922   -403319145   645460051 
-728228299   403572610   605514097   -525568043   359703339   -191066238   82430856   -206807870   487040828   787364938   -500102423   321797622   -290575117   -637366271   -890285025   -966646704   792341727   694499305   251065677   -454389678 
799085086   -782569123   -881734773   471414971   -286744448   -908517000   -357110063   -156786775   -607369819   729586825   -337254107   276303931   660007581   -337956964   -578122359   -86623244   54827570   265531598   -843072008   755719279 
486994425   -295442980   -521031445   -731322440   154502047   -427971674   -619639598   -14047703   -727279157   599483120   508690850   -688124306   -52277181   107753719   -482156507   144766433   254808518   -374776615   -403861475   -542273401 
864224044   -336807376   -527674551   -19009620   -185336680   781008851   4365388   -416642668   -704974779   23431043   779561048   167244767   -736856589   627514089   209102703   -991834863   354339432   -22240629   478032063   722917705 
351648428   39669161   -741319711   435863309   452322371   -706368141   -923978764   96293451   -193486554   71848392   390356116   809153606   -180522009   6520801   145809073   -409307298   -452891591   -802616957   -699007600   -445667337 
605011125   535210704   580247966   -231518142   -205165782   -455703313   885622763   827307822   869941183   -371621748   -850845882   971842074   173242463   917065182   -503314217   -562841734   6679982   -398182576   977060340   -631906320 
-975027682   -942595156   -984601126   428026256   202852150   835109829   389368039   -114533468   -741148526   2662743   289528694   891896265   943777666   638323397   959538257   -353375648   -728769243   524074759   805627534   332464419 
-176634123   689300467   -480207968   -699873128   953140329   659424037   -649816366   769584626   -945520619   -302232239   955347769   -253654885   811714954   605262806   -618102032   -729560054   -821008275   242262212   263233733   901764491 
294253956   -779200433   120832618   -300933566   832288257   853698115   832567973   -192613876   -440038419   -197556769   -496622500   -629104115   894794816   -606656782   173488273   98890373   -596591601   -275297715   -295309   460442996 
20
513813894   509876811   -192413113   -907440556   871969640   -109385091   -598557980   -455601252   240868822   -156530741   -27521806   -386255377   342204578   -600769674   -211780766   -277415141   508004963   325365218   -706720381   212693400 
-651625105   437417658   759589351   -580521441   -563314184   -758179813   -111704001   -110922841   825114354   216425693   -407543590   -810768655   929879081   -886588241   246522358   -194148080   -59469588   347266290   596116882   -83625726 
-105876605   579238709   -926401066   150858257   -737421497   -177379744   65000637   275451970   17863267   109196001   941615692   64712496   -285400381   778570185   683697007   -435732972   269962727   -344710558   465820360   -511546751 
929067385   -602088292   -990437684   18253384   -769591979   -43479160   103507421   680592104   517836595   -57866992   -469557954   -797486055   -525524204   -54710201   991207213   160991867   -699028166   -589441840   -824467045   -258449735 
194395152   541951950   370513013   -252652947   -483761996   -559037281   -833553059   202185433   -940823657   -639164666   69544189   -848155948   -576719018   583920511   -455998655   469314928   670349494   494996586   463103606   510442769 
-382209550   -767232287   292668804   -439933136   567368673   160034774   -548573738   -880071448   -932520610   65028614   -671974003   670328084   -836736074   -19307298   -614006196   359353839   95108760   487874130   -919576335   78484273 
-707241362   -842274492   -730995739   -121702768   -871468930   165115912   462360593   -626833466   999655490   312048849   479150231   -970175186   183750633   306344534   -190757268   721362022   913934390   309773688   93909243   964317 
195028595   -85624582   -868529810   96477077   14171960   62204569   -747615237   -323801814   908188016   474074035   482144720   -306680979   772251106   527526892   723126245   -884022729   -848043751   928331766   -426098231   588512074 
-212261849   659454188   468186628   375032911   563815654   485284558   -328662166   -236923326   711819477   262001661   -104926602   -71472747   -620837672   570360068   261660649   633264599   -277812168   81923728   386576196   -377926747 
-412688362   -653363221   435201791   -91604900   721476822   -654384200   830892213   -903476774   771525333   569580721   -514743362   -607717067   -839031431   -351306577   552302340   164448129   -466568201   -846342364   -93611200   -862987552 
189079579   573849993   -852752024   -858554770   291893757   951534548   -118055742   914108457   199917645   308180443   -98524038   416665000   308453688   -627982237   58163763   -893612222   -951304311   -852463216   14435941   901089049 
553941646   -594803409   -426346160   -832131530   -84365223   36797234   21827766   376318994   -986722109   384895519   -842800311   -525139397   -362783124   -944268416   -956534833   550920678   33266046   -982307862   -560994067   -636610263 
-920696423   827791246   -270705650   -130630384   -679851478   -998322147   -120929702   850486322   489616501   591571570   -388383184   640889971   -632097060   394511596   -4054495   85843982   -830066948   258992521   -67002784   -354093896 
-724078417   275841656   -423939966   -935311380   -563423053   983757842   541264558   -489095029   -681751247   -304799066   85979241   514417472   382993407   123600608   824295426   -702139402   -520042642   -330450508   -920290680   -666924991 
-723322033   -75638237   695404229   -763973293   -156345144   582789906   316176560   491050462   645433230   -999793231   120683429   794827188   871247544   -898906912   593032073   643731545   -473546793   661100430   -84597871   -640138472 
-6537374   -803070386   -757173140   793048054   829495087   81990739   -73456970   -363863419   291419711   584519490   800951206   975132717   964592980   579296143   407676628   -578393603   -447373049   784016552   -157296905   671231882 
466438385   561639577   -411812764   -447244847   -372820432   -204031252   -804864331   -924346497   188308764   720342107   -331609055   -838009412   28274753   -464357888   241025498   879986034   613505796   -762684465   374013708   -811309005 
-885060436   -803560630   428961429   -144244994   329632005   -723446859   -39780573   250910461   -49963540   473218498   695647615   -408997055   174654459   314183780   218972925   -983196254   571301361   7270925   863803465   970562445 
-649178079   592808137   -771196534   615423431   -507918468   -504106931   711172876   437875994   414799192   179780328   573206479   -544434006   -559503006   822591497   -771983948   -857537087   -890746312   808727725   -191851374   -705669824 
276840571   990725217   -567476371   -452606499   -416746585   -360099327   41460219   -940391221   -111528284   87533284   937890898   707331020   156407582   497448752   -932783608   -757910928   820009799   -134797148   -329983134   -906542908 
20
-10778344   5765268   -666643535   100893932   588623075   -108130465   693311245   -744127781   689456182   364642077   662198796   -243097057   -965670961   479341804   873783881   622058663   270079164   -556879540   -935518624   2111825 
-682098752   -333605969   938267380   -94740815   -557411200   -102925564   965567237   34204831   -665182449   -514532729   822163957   -652522400   704475681   516299133   127090732   -930649795   -887097860   -687547043   812935895   462542444 
89837578   732902028   475272381   68084831   -719354267   908838671   -990537191   -635489597   83483160   -724222229   194562365   -845024336   -425317688   384571374   -850380980   -229321102   444342624   -13988219   865954899   690551163 
-688670187   971953858   -36357472   -403020956   289894658   424252111   -93706742   934595396   -792907145   -505732700   435651412   998994270   459159860   -398988577   -533099924   265933797   -678739813   -824220073   35504118   580999995 
-364314656   -908479293   545113759   283068252   -738480147   -302405291   -44679936   -803607124   -417431066   -362223315   -507963554   -207572894   -111954650   201184421   157947188   422228534   -848490068   -548503588   -868450010   -826596266 
269897172   -890230595   461667409   85337871   405830440   -949704906   -176242981   -146968405   -729426239   55503631   -74108366   -279396083   959193359   488915575   -457221845   320290029   -680598009   852308925   653970533   -568087739 
116558651   336622409   136274747   652749552   93613584   995122431   -759249955   -431157462   -561150985   684678103   163915665   -735652502   -899107051   -462628639   40078622   931572267   441801694   457686378   -996738036   835659634 
343089951   617155409   -122828572   -528616674   -825061974   534951129   -879090775   -122129737   715897741   969425217   -726697792   648202   -611894896   100415943   171040806   3425138   251298350   -64749378   -584449489   894161031 
-725068605   -893404798   120526106   -142735652   -14833125   -530977505   275689172   288990338   347946156   -509952901   558505242   -627564577   -394136882   23420283   -970405705   -129689297   -42681215   472350234   -249298335   857587512 
599169063   -374867857   828927227   -937423993   -325056658   -632840753   -345118814   569222547   -136512542   577327928   863480073   -819480671   -159585538   -14660141   -351233046   324243386   846404002   455121486   148958352   -234257616 
-38943179   270054699   -113696711   65358736   182491600   48114980   912915050   165385569   -29957909   454345801   -178445175   -19227520   -257305443   -398011728   -801107561   -957584354   -239697495   -159256146   -791745514   670857702 
-284849735   -760585017   -15791473   -248793528   383275643   -755678089   127441433   869875292   -222918485   -638092106   -275243897   -428696089   132365521   245021520   379557528   -873153111   858879792   740441396   865822946   187263064 
-273529537   53876047   41348285   579478146   -709275951   -558323644   76469476   333954049   -960337698   397142303   -508444804   -171859600   -857863161   -583707537   736203440   -856288694   192643318   -530596333   -152593713   -328877242 
-209423458   -809041315   -369634125   265934564   122898664   -556446819   175880097   -798901950   39406029   -867560517   482521446   314890946   370617303   941489664   46680149   154483711   -94446434   -88300307   188645460   581350842 
637063534   245887123   772399095   662550356   48238293   -905708375   -274842669   122881876   -171262599   -195789481   -741165756   741423738   -169506497   -397859625   664293352   -186312623   -928071001   -829995690   703000749   421013847 
-888945333   -520677176   357305007   568201564   -784247276   -115843457   -291334103   443843311   -277631265   618870814   967391334   150388404   -377051264   -226856926   342267512   387158310   -141711992   529025643   646556086   865355948 
-135661220   856594379   593768108   -799851019   825919151   -334579059   325616098   -875269335   -210976073   116967755   -787493658   -921992627   -229791649   674155186   723963852   713467485   418719372   912102725   675945430   959235081 
-789881260   695873399   -448283922   -405474882   -295902902   750036282   983919937   923163820   406948207   677732665   694249869   -416787072   -240765504   294190940   -663455893   639251189   700105186   -594601646   220423927   466252657 
661423267   830957499   -356294726   -496510772   762966376   -661641271   -644577990   -448524006   771557976   -658401225   955390264   -551746377   -937707123   36374332   -697256679   707613288   -231438914   424043970   890680905   178554974 
143372428   255072748   150131378   450703392   -152885922   297781082   267550082   610696694   7832388   -771940117   -734562079   6323285   -747501493   546627848   -854956010   628112335   -701247661   594631989   -527329288   536591808 
20
673502296   -945823956   47349581   -929058469   494051999   492209392   825483367   306371823   842136699   388498124   -232944354   386298512   560310360   -726902088   747547048   -404676089   -71843333   -469992441   -883085790   -684064305 
-369444215   -95273835   -543844498   -473585097   -723827547   396757613   -251611534   912424846   786745833   -113546283   618647872   363567689   499436555   -308203077   703734604   -66879728   502409700   -632001966   556777470   -613985288 
-752311102   427441   732686212   -352416568   -879326700   -113706424   506354081   675056675   128259979   -67394581   -472796053   -778698436   -544109317   -824631788   -118316061   945547798   357000289   -20271489   609213077   -64568234 
579348079   -918989155   622104195   -478110289   351431049   834810140   -311709550   579927633   218860466   -10014343   -333838454   -224147574   -105916695   -321367433   -660594672   845645892   -282761658   502792680   -979890433   895699595 
367576252   -869742292   -939531855   15338973   593108900   -609309104   358894977   986196960   -370853569   -616496293   322164126   89296641   215590335   -593095097   22877977   -555726407   895051796   942240806   23664010   150968196 
638797337   290811537   900076967   -237287044   -740210824   -565100305   170456639   334928151   -305495549   -35792658   497752578   36416019   -473193986   497483520   -671606580   310771389   482101103   57788919   -775244009   360617402 
-703825575   459595894   566479015   -476811877   664579685   -362140536   -75477918   657151668   -250174515   676727171   -560524875   100859179   -66044763   358670425   911105479   -844809321   31860600   -251622846   23875971   -350826396 
-237596216   -143093923   728358488   -176792687   920416501   792490344   348222349   -549416538   730902921   606582745   140439381   -90250723   322938062   175113085   211107284   205488667   303254341   -653387750   -139779643   441084168 
214805361   -446758544   824935891   -306996745   -453727125   30340311   54015981   -976178610   240737025   459211546   -311508620   -602601202   604606928   153073893   54880560   131356541   -755546314   -605329798   971298360   900269077 
440029927   -457868242   529856843   -600786281   -946560750   -119277898   444075676   -531717056   367198893   640799837   735588533   80666667   -209451498   -4343553   225666405   914261560   -481538641   906100602   378518433   -464762803 
-442220377   264759679   169629211   644055083   -35374194   -557914641   18719580   -774948047   746237537   -718969868   -848149537   175222570   -132259500   571799508   -389677961   502697509   749190328   440549645   840344599   781496860 
-761847654   990491850   -989047948   504711515   -933280648   -100938333   -923742752   548362261   -3514420   -85079265   251960022   -900019279   734160713   753390118   -964724049   -766463686   -490310018   -952094207   789590943   735549450 
225105492   -557914994   -149390164   399130102   779399123   -451012781   891386366   -204611556   717089042   864816282   581655883   912712703   387641014   493588269   -199616149   548494003   -887138   -226234613   -135278121   -699634845 
480211660   -403307875   15216472   -394247603   -154726672   -809640110   766092403   -315368986   84242026   429655723   -106190334   147269158   -795829466   292365710   347702240   -16024373   565075665   434296596   935213694   716310004 
748530218   -378938801   707019530   333836863   161213932   144248461   864449815   -466637240   64081613   -446973062   799220751   -158143733   -107277415   769749697   -821402758   51960365   582949154   -389604973   846036651   -433940170 
351046257   272059012   544494567   114618948   597929818   329472110   192370091   -476901083   -181963801   -59060819   16796193   621148284   -970057376   242078298   831715957   787417580   262188508   513168628   892160230   858978661 
-190330133   72843649   -681395143   -807541051   475222163   -804935005   368595070   926273327   403847396   -136959793   -917896612   -59104479   -422756742   -458235354   -760087901   -637138472   -474162838   -257042048   -961886897   -132094957 
414466718   -208705291   -817944644   -322760291   375106404   -57482867   -99402220   -236528142   -183557002   -485158169   752231698   -543242638   81487136   557500144   423436268   691977806   430266888   458450519   -288036227   -475703454 
934805491   947381528   899850082   -902153758   -860022900   635501770   185276970   333101625   -164568846   817698133   956956614   491322698   359996277   -819162903   309697832   225268563   -335037406   -412180672   -271014996   -222935640 
-130192200   960955049   459011162   -601531761   197942939   100638924   -889439133   858695154   -352349448   -684898524   -867857679   -826288655   156191071   -820227164   -58121011   725927025   525972280   -796141549   -7705892   -512195425 
20
870327342   -503077898   -17035359   -41748043   -388668862   121706538   -674007296   -181848356   134040160   690531793   -335361901   735441568   -976467397   -119679420   528661091   440663951   -726475246   -853441551   -164943187   39065224 
-290694281   825403011   611578231   -6367748   -109050352   72246734   -837103666   988813637   -257597158   -912545938   -191933238   -939284150   -692962984   836836493   -290705820   -510726178   -287278028   -756955552   -498552905   -462131054 
127644695   600956252   145456652   756833807   168877569   759921487   225042369   869521113   -270767135   -468710427   -520990992   -632844581   -477677408   -253767341   -510429230   -358331917   -195206209   -653631932   -859283022   -2083959 
-765585767   -397048440   -789986966   -334361974   -958059948   628367417   132171904   10389697   -861849408   683145713   674414057   141561434   -191359373   530431335   -215338301   962127255   833694629   616257530   -13447376   -507770106 
228890578   989275956   -891396792   -648868413   593018513   -274681697   28974898   -769517391   -93229126   568432325   624001620   -844000251   717156756   922500862   498061863   92451604   240243131   -399638013   -934130784   -324348572 
633040878   -654794990   -246047615   115868029   817888141   397899511   92134152   -968893619   137095938   737189900   464636989   -884403422   820641827   -20500639   -773024963   998491899   532186452   776092444   -61958499   841920336 
-564153161   -861580011   172515725   -268443098   -388520196   -705294795   896941968   -894690083   656218213   -800931790   351537490   292493178   726204501   495417920   720966396   381581154   -828586598   205617366   220592587   175965346 
-482313034   221584376   844237572   -684223262   889205286   211435530   -161520251   700233408   570585974   213053770   62187441   -448543327   54865666   -204135784   303132197   388890425   383162428   68699461   510811415   942910931 
982760832   -360893587   587993902   671294419   231215996   -905342900   587779783   233401455   -775846989   -591582023   -929248902   -700514333   125207711   -835454066   634912802   743255209   -874012040   -148348003   -938828917   -503594220 
-638244210   213350969   609224855   -199979587   -766698465   -21509086   896629748   886076709   546900625   577019753   -187358405   -822117173   -156819117   -557724785   235203271   908532582   131262697   -321916548   338781326   -873395039 
222683613   283322561   355488800   -467069922   -60164523   -901804455   180510857   -888754734   772284632   123925789   760689291   -720827145   -855317935   -288751530   832100462   -112805093   -982152650   -259392521   757809852   974888662 
823021068   -122079899   -867695768   808819109   61013400   -392999426   638262835   865267224   -158857340   402830307   628069921   828314518   -679490946   -266191702   -765964399   512245532   791416154   475513415   600967331   251716539 
210622613   -599281048   -349135773   -495840309   -87340410   816603466   726481488   134936535   -926109923   486123449   -282119535   447493909   317085730   -697366203   -73512629   36273565   -701854704   575498975   -65503165   239961656 
-577802406   334219338   -147086341   -375983429   260260899   370634729   759562210   212941899   185198668   738364880   412225440   -344926750   -441622444   483725588   796659430   -418680993   -332265621   -308157962   211182132   -904154173 
-197179028   804304017   -52316758   -86673452   102506832   -277515615   -935484692   767319387   533769426   641206655   340596946   -691317061   837344471   902232742   510236367   216251834   209510448   481771356   -611477465   -286487166 
-751619157   -359497296   964272757   124712346   -292838862   -908340406   -645286683   987499220   608925874   389747027   991390416   -666352738   -332724290   198862121   50807734   -26290833   -632085596   -871020827   62623426   -129752907 
-244570212   997052233   -759467576   508104523   242408502   278920670   -342719772   -277891446   860669232   701286416   727552868   133763856   788485672   170901143   339815801   137318779   77669504   -864602939   598625723   650681357 
-933772665   -916511433   416259453   -108201480   -856823270   248754914   -402187772   457582709   -636985873   -309312017   -993428313   938074282   624754397   -353579112   553211864   -494810195   -603529240   907740572   -455730939   -367999307 
-1444847   -30098533   -142636465   633473718   -94865765   -213998660   329103617   546289460   786420393   363941294   277740492   88528438   531744688   667621694   -90811165   558510688   -6071082   692944881   -902267297   150396548 
-526616575   -995696308   -876932029   30353635   308675092   699009025   901804845   792707415   -726311688   -335606556   78845126   162967150   -589334153   521642463   -586655558   900053654   594155543   -934557830   877906874   207801717 
20
52723056   247437734   -481321709   -18007687   -812121292   -256038367   204398274   -793463972   -580227390   236182390   479615001   768689218   4680805   41766289   949258300   496692177   -721334271   -318030796   -784553786   -462825720 
171998952   -241342849   9805806   867480939   821876697   -34760400   992859343   -169207931   -123855378   -342271771   709002963   478396139   -735717029   859256418   379611523   -961310958   783104983   -2338097   -194607786   -460939372 
89321076   587001245   -343831738   688005177   -939983844   888569494   -9666875   720980569   85749739   119381421   759030693   -76066179   -999438196   -319347229   550405082   -250637098   838723433   418060791   269275051   585223138 
-677207206   -431042167   573059535   -931243256   -17820104   -608190747   366839838   -124511821   154440287   592037394   907030617   399942608   -907644428   681294093   -694161540   -86411017   -637356901   85241142   -23899886   -507680310 
958062252   -621698182   826265302   -732497318   364321701   -306592301   -298247982   -111007734   623537969   755459920   800767556   -816855737   -144319167   -899260229   109415398   -9194455   318361451   -723555757   357969306   -326145528 
-170016231   407232833   -777562012   -66381538   862602039   -831989169   655826514   -567856731   282824366   834429088   -281904356   -638082398   -304655679   592236587   823568662   305648027   982911880   -978785244   -784130369   358997912 
686028008   550263900   386261354   212542787   539641063   9905837   143945075   -552058970   789480777   -290302306   201819982   284922775   215425772   -908252831   -321162383   261039193   604393740   -283389362   -772488071   755077758 
259061484   -327985325   -737949404   -700948777   186407996   -219733598   -497092247   -558458894   355474928   -789180382   -464629376   -455976078   615187518   -913104783   746567478   -932455886   212767867   598875976   996741671   984555543 
-71587976   547294076   -999433487   -188022104   83123368   165388315   952666717   160652927   -332603916   -839568634   1511711   590116593   -390663506   275478463   485854690   -802013272   223510803   926027817   -602049034   348883211 
-456053736   -220552224   57329616   -820561232   268867259   -244819831   293253115   693463687   580891116   891129096   288001283   351026677   -107221735   -450524032   -628587501   517748867   808777093   -685143582   -436547990   -989952492 
695607951   -10784487   -918490550   594837802   795223135   380554626   890009863   46913790   -916837705   238453936   -57973223   -494384156   -635963173   -712712927   26964126   764004803   -895652597   -773415793   365375122   164539308 
763013483   348448412   957421726   593811755   -538225352   -715661285   572990549   -894245242   -783693742   -348585484   -957120230   -812758731   773108536   -15933186   757395548   593835480   -225567475   200078888   -77998460   -742098713 
-121411303   193496299   -693960634   701305358   -362940214   372320183   664074730   -346186894   297462284   826434860   15287064   -809793203   702870510   957637456   918997860   336141643   356768861   -851263912   -622976875   110287683 
101296484   755878681   91212848   579747057   -715304111   515207998   775107048   -558942082   654825529   -125771812   98418524   -537563265   -927843233   -39116240   -659523730   -481180440   -709363952   436593569   -864203833   -427806509 
717181856   -504309600   27352699   132471865   -119928444   -83373855   -644314952   -652278312   -513836790   423097807   -467988397   289032016   42329268   -127095665   185514393   166474373   -298644838   8716075   -302680328   191831158 
-833413573   -658419644   914572398   179219875   -106147687   -194056351   173895024   307876835   -816109541   -636436019   -709247915   -758669859   -605029469   671220943   -98605521   309294160   392592547   871939428   786535813   286109513 
496319509   373808762   -23572185   201025286   504176427   -349237969   583353762   -557015535   -723216090   -33027632   -64224207   -669369856   687964091   -243816679   967023543   419746100   -655962095   139684223   -990739057   -588912354 
-3334672   -476625327   360759557   922918629   21844412   -440695125   665388977   262528999   529936396   -107883229   -514930379   445685467   -184210467   -933044271   -821777990   -664405202   983581700   731190064   281289895   54197350 
-229584604   510154984   -584968524   -327357700   463538815   549995199   227839395   98898477   549540471   130366609   -61105820   960830771   -118274443   -378293510   -284494317   -406689714   353338011   -206953565   946143473   -220270782 
167328421   146469423   -262211035   405494013   -594464473   668026889   108211064   -366153023   -104282345   65505789   -652711369   -989914656   -425213607   -494134764   275487571   852691470   -875323941   155618169   -753719094   -548593174 
20
-18072402   -231316997   -820072104   449600432   -384307745   -767036485   -402877261   162638953   320301588   110680473   -961545591   760987871   379383083   -902676851   311177649   85222368   409616585   -55286789   -603448515   785183837 
-690563613   -743054884   -655420256   -56028276   -710767803   43773942   -276159929   898033314   629198816   -185894210   -204845296   379216133   480936944   -274477942   -998882062   709526207   -133305708   -31319921   -784953407   585579818 
204486583   811372192   -949812760   -6667183   -434751461   -906842975   150930908   -462824991   900465693   223327423   489777234   393941931   -673027650   -642354853   688967525   52510128   772907772   -333166972   -597760656   243595909 
321172064   769754450   -443208805   578181642   -665151825   -708245476   -868381996   556125573   -312026815   742508921   172063609   -837291487   -540399085   -879621002   -738185094   -353494358   -287697904   462545687   -204757468   785994217 
958484884   907555218   436064134   -468484067   79200879   -245144632   -890684654   226621033   -776964392   -924633944   203865205   606421198   -490974998   287126347   -591158554   -23783273   868358703   540019024   -705321454   322541061 
-695806466   -143607634   792928969   -486837258   84798164   985141814   -503907228   -454036341   673630107   -311071538   895472269   233965799   -923854183   781940393   -410760687   -986109073   -482227567   -820410162   -377460847   536926540 
223114924   221752108   -64333416   514820686   -56533567   -687339711   -88977235   883855277   -145656827   -50619546   619621237   395635398   932754382   -582829199   -130647639   983434306   -735350938   776002045   40747247   796452353 
75191151   -326842865   -945751741   277244556   696195931   -364288482   -611518789   -978805869   -597194301   160487537   -221287510   -297866574   522830267   -263965080   -511012476   -959076643   74726386   795614115   744788   -546686521 
172893996   -12697014   40117524   -413841308   954488643   -539530278   -287465582   644526447   582269931   103750346   -743160105   720634032   815476002   -309101662   -399561240   -314266454   98967651   -381137534   -499436340   275507573 
901466973   338960665   151275123   -368777981   -719605381   -864959200   615914410   154107756   -14147157   -149753485   372983562   -539510176   -279968008   5415565   132427088   291087832   -263712951   -383023094   -284023580   -778011595 
-968830015   649419740   44624119   540357359   -340226860   665450933   240776254   -416913904   446145517   320517789   -469931023   -924600948   567291928   857896559   -343347583   80664040   -253797675   -250842421   -486876465   918070729 
523125730   697806355   165609829   -322513551   -770001993   394602308   866185296   -685559522   812865192   -468724413   47461991   767672805   260335391   232068023   -725544630   -36952442   -723315078   182402624   134602520   -663615033 
-774441023   762258373   906999582   97066351   393184644   13810360   -391578613   -611866893   81975280   -706281088   88230302   -141568266   -842909821   230787927   -771973996   -18644019   -152387835   495153829   256113296   -518113317 
-274235070   765983003   139522078   394733354   -487121873   573356850   -848572662   872023330   632743656   -761351272   -681504677   -915445666   510046672   -203575808   -938806221   844279831   293029970   -100915782   493214601   -786502395 
159006969   430225536   651500353   250320421   831201499   401446768   -333860274   -485560155   815992094   781883978   -138122121   715346023   560915082   249401518   -217884646   326453208   -340115006   -67774727   237214078   -773556874 
140273277   579165623   323790263   -616446371   -919064311   479391616   664466157   110109284   -843601479   835593525   -423634045   -997720959   191201691   667451215   109553905   -878455992   -610138198   -150533319   74111895   -600006467 
430843777   -921915250   835689601   -534417569   378474576   -275631133   -537403845   -843184255   835749991   175484237   418541985   952014646   -623431297   266921486   19785386   708965762   852851491   696923510   -735215845   -719860144 
-18307505   -955509687   -680002963   -717049634   -875376704   -471563887   -627869735   739211945   -634177881   758238176   37705193   -738024696   -24759742   -727122262   -627000096   -782839276   750694038   -540794210   -594959465   -331490790 
448193763   220633861   -752422523   163120571   -248260091   966493320   74600355   295033940   -650111591   492391345   741604212   998864370   66804544   965505772   -643804149   -772512270   69995052   966724223   -450566342   833123520 
228157873   470573567   -908017231   19649641   -665255757   -860998811   867718671   524078455   -290762481   286609953   274209507   698423438   -81808155   637514684   321056333   901869151   218813144   296934100   309959729   -929348753 
-1
