9
-262276411   639695296   98615985   -40440232   -557344377   664883411   -820831086   -439537663   -212528571 
818268850   341855809   -319691405   369280091   104982762   623210576   926722504   -619584274   -240912962 
739436246   157151672   206522183   286779804   -450198473   815798499   -720078788   -628775838   -26016070 
-619476722   -783835467   -460270826   -865605353   548219040   550513878   197692377   580084433   510674052 
-892676929   -299411275   -514245144   923647773   149754729   923647773   -514245144   -299411275   -892676929 
510674052   580084433   197692377   550513878   548219040   -865605353   -460270826   -783835467   -619476722 
-26016070   -628775838   -720078788   815798499   -450198473   286779804   206522183   157151672   739436246 
-240912962   -619584274   926722504   623210576   104982762   369280091   -319691405   341855809   818268850 
-212528571   -439537663   -820831086   664883411   -557344377   -40440232   98615985   639695296   -262276411 
9
-137220703   387271475   -24677271   637210657   29527726   293327203   734518059   -707732280   -933170944 
-630906087   156590760   -692400502   569552409   623432409   -961694266   -945578858   -379598442   -680473767 
-818458849   -495835649   781015171   -723806864   -465904973   653087625   225833954   -725606586   198907645 
-14111488   -388402703   446723258   59842368   550806272   987622228   558549372   -721938196   -410151597 
313665864   916573556   517266296   630736720   517196097   630736720   517266296   916573556   313665864 
-410151597   -721938196   558549372   987622228   550806272   59842368   446723258   -388402703   -14111488 
198907645   -725606586   225833954   653087625   -465904973   -723806864   781015171   -495835649   -818458849 
-680473767   -379598442   -945578858   -961694266   623432409   569552409   -692400502   156590760   -630906087 
-933170944   -707732280   734518059   293327203   29527726   637210657   -24677271   387271475   -137220703 
9
759327364   -82628734   -300997443   -612278646   333363425   953065744   468596057   808559455   -751221256 
-985104796   -519880797   218728040   475356491   -125517882   509487456   -697222556   233086551   128460237 
-476952709   -750552184   843403166   872604284   517427102   -485536266   272190500   659205517   889057833 
85728150   -480030123   -698630964   -933356853   -472235239   -186273875   780608269   176866776   684985425 
-89017007   543839293   -577829479   613704156   -817288767   613704156   -577829479   543839293   -89017007 
684985425   176866776   780608269   -186273875   -472235239   -933356853   -698630964   -480030123   85728150 
889057833   659205517   272190500   -485536266   517427102   872604284   843403166   -750552184   -476952709 
128460237   233086551   -697222556   509487456   -125517882   475356491   218728040   -519880797   -985104796 
-751221256   808559455   468596057   953065744   333363425   -612278646   -300997443   -82628734   759327364 
9
-228537698   -467504940   57207188   45061030   -737179863   523038466   477068427   283207198   -2850080 
921372866   304886462   -622380285   830952055   -850231647   -942268135   -731863413   948880749   -619620845 
-808219985   -759693184   -506380389   631017328   462438137   7038671   -573007669   -403801801   -282684005 
-302018127   -522176887   -40742106   138246273   561194543   -925074377   -336513134   -602466807   128428930 
985023221   -260340519   129285670   326430386   733011401   326430386   129285670   -260340519   985023221 
128428930   -602466807   -336513134   -925074377   561194543   138246273   -40742106   -522176887   -302018127 
-282684005   -403801801   -573007669   7038671   462438137   631017328   -506380389   -759693184   -808219985 
-619620845   948880749   -731863413   -942268135   -850231647   830952055   -622380285   304886462   921372866 
-2850080   283207198   477068427   523038466   -737179863   45061030   57207188   -467504940   -228537698 
9
806223103   129752872   731301344   303478559   480135474   554290692   -860071873   -671220888   681872940 
720343474   750875474   -310358431   -62489164   28275892   -913661578   -396940921   -505650531   905248067 
-369091707   -222574375   -927735548   -198598526   -459765254   975885969   773797126   101110881   -828864026 
-97949630   -886048087   -308353320   724883507   928012713   -764889957   17045937   419867277   229381736 
341120569   998602854   720140486   607522834   850675733   607522834   720140486   998602854   341120569 
229381736   419867277   17045937   -764889957   928012713   724883507   -308353320   -886048087   -97949630 
-828864026   101110881   773797126   975885969   -459765254   -198598526   -927735548   -222574375   -369091707 
905248067   -505650531   -396940921   -913661578   28275892   -62489164   -310358431   750875474   720343474 
681872940   -671220888   -860071873   554290692   480135474   303478559   731301344   129752872   806223103 
10
917998480   -684193143   -744176442   -886317279   -916615666   -105696633   326440278   -93555435   31102053   -620319625 
-600266401   379343039   167729988   -734593443   822783162   794553299   727667487   718107533   548591004   502693900 
-757721571   -79473668   802269252   86078523   -374868283   2024160   -70784698   776340874   -145331558   -248018528 
-579521770   -755933960   -643790257   -190892126   -759564876   761941802   663485635   585634614   610565377   -597800338 
-990002767   200224042   -20857612   -444276172   -685368018   804415570   719765828   414057744   -371001154   840693890 
840693890   -371001154   414057744   719765828   804415570   -685368018   -444276172   -20857612   200224042   -990002767 
-597800338   610565377   585634614   663485635   761941802   -759564876   -190892126   -643790257   -755933960   -579521770 
-248018528   -145331558   776340874   -70784698   2024160   -374868283   86078523   802269252   -79473668   -757721571 
502693900   548591004   718107533   727667487   794553299   822783162   -734593443   167729988   379343039   -600266401 
-620319625   31102053   -93555435   326440278   -105696633   -916615666   -886317279   -744176442   -684193143   917998480 
10
-97498721   544931979   -949777064   -931011349   528030823   858587376   169101548   672592335   388974474   -838331604 
-705323368   752661099   246810120   -831082116   369367872   -160256012   129786177   -21840469   894087446   -469523187 
444518834   -928489468   802548144   513570716   -665626807   346988662   -447662771   -869065230   775928684   -928788075 
-791136340   -714357772   683650556   686298375   -953865727   819727016   -580971743   587428505   895509494   3738004 
426521800   -797247629   765896107   282776481   689681867   349518009   146068549   508702359   -892519158   853701601 
853701601   -892519158   508702359   146068549   349518009   689681867   282776481   765896107   -797247629   426521800 
3738004   895509494   587428505   -580971743   819727016   -953865727   686298375   683650556   -714357772   -791136340 
-928788075   775928684   -869065230   -447662771   346988662   -665626807   513570716   802548144   -928489468   444518834 
-469523187   894087446   -21840469   129786177   -160256012   369367872   -831082116   246810120   752661099   -705323368 
-838331604   388974474   672592335   169101548   858587376   528030823   -931011349   -949777064   544931979   -97498721 
10
-421518139   980335338   -561982965   -885933143   238439961   -285351886   543342069   316571636   -752820436   888459151 
-560530147   842954124   -885701663   -210367223   -823379544   -236737719   -441092063   -327269127   496037222   47640254 
-752875499   -426670412   -311873724   831466455   -640426241   -614987677   -959765653   956573616   850045347   85494419 
-119914739   937955226   -693466391   -449304284   475107074   465751298   -214291397   497111360   96832878   493197638 
-329776095   205887410   -267776434   885171166   994229173   -901676482   -327118555   121751333   -840050820   -6621812 
-6621812   -840050820   121751333   -327118555   -901676482   994229173   885171166   -267776434   205887410   -329776095 
493197638   96832878   497111360   -214291397   465751298   475107074   -449304284   -693466391   937955226   -119914739 
85494419   850045347   956573616   -959765653   -614987677   -640426241   831466455   -311873724   -426670412   -752875499 
47640254   496037222   -327269127   -441092063   -236737719   -823379544   -210367223   -885701663   842954124   -560530147 
888459151   -752820436   316571636   543342069   -285351886   238439961   -885933143   -561982965   980335338   -421518139 
10
559243447   367150145   618220883   511723096   12870599   858245852   -342219617   783135834   -729871119   -612021638 
508890076   -945698803   523652177   884388923   -16055614   789574632   197535056   490248096   76093262   -159564887 
731397522   218539964   423697225   964460227   -251413959   648911676   -981953988   -345562071   433918904   20263300 
643502639   794260315   -314159893   321119756   104782263   -292676744   466498321   255527979   -406851960   -960563654 
-871844237   316710145   -736904185   -132007196   -817294245   860768215   -534229295   -922593798   -664295411   -193851322 
-193851322   -664295411   -922593798   -534229295   860768215   -817294245   -132007196   -736904185   316710145   -871844237 
-960563654   -406851960   255527979   466498321   -292676744   104782263   321119756   -314159893   794260315   643502639 
20263300   433918904   -345562071   -981953988   648911676   -251413959   964460227   423697225   218539964   731397522 
-159564887   76093262   490248096   197535056   789574632   -16055614   884388923   523652177   -945698803   508890076 
-612021638   -729871119   783135834   -342219617   858245852   12870599   511723096   618220883   367150145   559243447 
10
-262082029   452912970   -328822237   234385385   882449099   -973815386   -22307503   171381949   -336596261   -897811589 
465398066   -647863679   -894844539   -300139653   369350287   696425860   -447285300   871122150   710401303   -910947179 
-712686004   -244848615   -190889700   534356006   -846599101   951668452   282597637   82831754   -737144209   173237399 
-761800044   -239298356   218497003   407639892   786824271   -235435539   821165447   -40583199   458877882   -467859907 
-366401299   715265036   -493643639   315342985   118622692   -188977457   227384104   928999377   -268572422   -947945553 
-947945553   -268572422   928999377   227384104   -188977457   118622692   315342985   -493643639   715265036   -366401299 
-467859907   458877882   -40583199   821165447   -235435539   786824271   407639892   218497003   -239298356   -761800044 
173237399   -737144209   82831754   282597637   951668452   -846599101   534356006   -190889700   -244848615   -712686004 
-910947179   710401303   871122150   -447285300   696425860   369350287   -300139653   -894844539   -647863679   465398066 
-897811589   -336596261   171381949   -22307503   -973815386   882449099   234385385   -328822237   452912970   -262082029 
-1
