10
415277493   -289633677   552739834   -137360402   991309544   444841846   -908245067   -170180294   207212407   -341330477 
877275227   -450830837   -535818491   61532467   295191873   -589895487   801551859   -490627820   -358899333   -680799099 
-307125890   -292924491   673229634   -72610595   -644527972   237260708   988237143   -182559497   447598162   218176476 
264563698   -226380046   -386063519   -734555683   -666166053   183240459   940952568   -136164385   -202976207   -277658015 
-77167817   483000113   -831686796   775693359   639508853   -144716483   574853677   -536294379   -691483228   875258981 
875258981   -691483228   -536294379   574853677   -144716483   639508853   775693359   -831686796   483000113   -77167817 
-277658015   -202976207   -136164385   940952568   183240459   -666166053   -734555683   -386063519   -226380046   264563698 
218176476   447598162   -182559497   988237143   237260708   -644527972   -72610595   673229634   -292924491   -307125890 
-680799099   -358899333   -490627820   801551859   -589895487   295191873   61532467   -535818491   -450830837   877275227 
-341330477   207212407   -170180294   -908245067   444841846   991309544   -137360402   552739834   -289633677   415277493 
10
-102176545   106450837   850253131   35105646   945736649   498310478   -901427514   615353749   -438860116   376525812 
661961999   -623527847   929567816   -195614252   712170384   -235554027   -395358026   317837356   -170292883   981206697 
539154658   -725328170   152202699   350985603   -319383302   336500123   -984472858   -267543316   468298615   99074751 
425464394   -217813907   -595197154   778333634   -490439132   -416823453   88643114   -332245390   831283863   944775363 
-291681414   -882367440   281196089   577553195   275078114   386293995   264393659   338101926   -248214212   -84525699 
-84525699   -248214212   338101926   264393659   386293995   275078114   577553195   281196089   -882367440   -291681414 
944775363   831283863   -332245390   88643114   -416823453   -490439132   778333634   -595197154   -217813907   425464394 
99074751   468298615   -267543316   -984472858   336500123   -319383302   350985603   152202699   -725328170   539154658 
981206697   -170292883   317837356   -395358026   -235554027   712170384   -195614252   929567816   -623527847   661961999 
376525812   -438860116   615353749   -901427514   498310478   945736649   35105646   850253131   106450837   -102176545 
10
-96537409   -748973577   -320727910   -643506340   973661799   702750843   335767010   99190139   -614485402   -856478512 
-549612344   -979584634   460002016   -734770069   896728757   987594785   170450655   -114954504   -4426404   682293002 
-508702339   -563659553   808537358   487582167   52516770   100054266   -426447982   -346601938   -905814163   -977554459 
646088848   -147333733   -479402002   -300122873   -443166312   54700851   -602952538   218178654   -156994825   370088792 
801746139   -77707852   884388959   -718001726   -537930953   -110492963   -976687519   960712147   -266115926   -966963541 
-966963541   -266115926   960712147   -976687519   -110492963   -537930953   -718001726   884388959   -77707852   801746139 
370088792   -156994825   218178654   -602952538   54700851   -443166312   -300122873   -479402002   -147333733   646088848 
-977554459   -905814163   -346601938   -426447982   100054266   52516770   487582167   808537358   -563659553   -508702339 
682293002   -4426404   -114954504   170450655   987594785   896728757   -734770069   460002016   -979584634   -549612344 
-856478512   -614485402   99190139   335767010   702750843   973661799   -643506340   -320727910   -748973577   -96537409 
10
-759906831   -70269552   361366294   -148750439   -329992556   -906925313   295973294   -238156391   504898646   -147369271 
706462557   52349760   -222047414   355852638   -697797733   763507545   -882759835   706626502   -447596412   -976234208 
843845673   -315286043   378679439   -89161252   -689815599   11684321   668379589   7128039   371419662   -772123081 
491784630   712027291   421911359   153108938   -874770773   -409594218   -34102905   -412954313   548434228   -295810117 
-835675981   466003330   -984052733   260420321   -569006563   -468932450   959647889   -481925545   820949549   -451243224 
-451243224   820949549   -481925545   959647889   -468932450   -569006563   260420321   -984052733   466003330   -835675981 
-295810117   548434228   -412954313   -34102905   -409594218   -874770773   153108938   421911359   712027291   491784630 
-772123081   371419662   7128039   668379589   11684321   -689815599   -89161252   378679439   -315286043   843845673 
-976234208   -447596412   706626502   -882759835   763507545   -697797733   355852638   -222047414   52349760   706462557 
-147369271   504898646   -238156391   295973294   -906925313   -329992556   -148750439   361366294   -70269552   -759906831 
10
204019549   -126572652   -459735238   529325875   840990001   -280497017   -82074493   715916814   -955068802   -973690400 
89180078   -275404847   -284649256   38787130   -771535524   984839470   -101675000   973374064   -508882338   798223895 
960994224   603297718   410145717   -873872978   813263501   193496601   -16368246   414411087   -657047886   -462412811 
-21839623   411072515   7592357   830706856   176903320   418874629   575510409   -726882628   -687761512   899731240 
729215801   211526826   -99859928   -933103849   -926168799   -555496420   116753439   -401718382   210671115   -572380124 
-572380124   210671115   -401718382   116753439   -555496420   -926168799   -933103849   -99859928   211526826   729215801 
899731240   -687761512   -726882628   575510409   418874629   176903320   830706856   7592357   411072515   -21839623 
-462412811   -657047886   414411087   -16368246   193496601   813263501   -873872978   410145717   603297718   960994224 
798223895   -508882338   973374064   -101675000   984839470   -771535524   38787130   -284649256   -275404847   89180078 
-973690400   -955068802   715916814   -82074493   -280497017   840990001   529325875   -459735238   -126572652   204019549 
11
897294876   -927256281   -359178401   -533082218   -911132472   -318201649   -181028841   -676051109   -20588537   828639622   784810934 
686529811   -986244893   -813928646   -791585689   -277149695   -13242383   -952667120   -23588603   75221809   340712051   -983510101 
-498506789   392589383   724997654   -141400108   -720829260   -344682435   816571262   -894265430   214348700   -148449444   671630678 
528366306   661187281   369546516   -442340815   841187729   796260211   -89038424   -257972791   903669581   -238486861   553923554 
-639060031   -354196288   -454871218   -842980578   317697817   650796907   220254554   281868239   230923819   -965348758   -222464611 
52729384   -795612769   225367160   -351412939   -8726055   251500643   -8726055   -351412939   225367160   -795612769   52729384 
-222464611   -965348758   230923819   281868239   220254554   650796907   317697817   -842980578   -454871218   -354196288   -639060031 
553923554   -238486861   903669581   -257972791   -89038424   796260211   841187729   -442340815   369546516   661187281   528366306 
671630678   -148449444   214348700   -894265430   816571262   -344682435   -720829260   -141400108   724997654   392589383   -498506789 
-983510101   340712051   75221809   -23588603   -952667120   -13242383   -277149695   -791585689   -813928646   -986244893   686529811 
784810934   828639622   -20588537   -676051109   -181028841   -318201649   -911132472   -533082218   -359178401   -927256281   897294876 
11
933962218   -512337561   -407780520   318739666   -732772959   -202625108   497055666   449479655   442828699   792414801   338363449 
-455716934   -248337416   867984333   719454035   365842505   832295181   313637212   -829413073   579862972   461875220   -704066589 
-405580848   -188842281   -166360441   -562525307   -733119780   -650292861   879026091   225951219   -152909783   -267863821   921472259 
418245524   -97226771   -950183934   184081379   -276605241   -581200543   -588537198   -765424767   470779628   93388140   -234633515 
601268674   -864334235   402597405   985570089   -604240132   -394810012   26629019   -263837486   616233882   -910719953   -60609164 
816976189   -312329422   26706442   -511657092   -927704690   -242348316   -927704690   -511657092   26706442   -312329422   816976189 
-60609164   -910719953   616233882   -263837486   26629019   -394810012   -604240132   985570089   402597405   -864334235   601268674 
-234633515   93388140   470779628   -765424767   -588537198   -581200543   -276605241   184081379   -950183934   -97226771   418245524 
921472259   -267863821   -152909783   225951219   879026091   -650292861   -733119780   -562525307   -166360441   -188842281   -405580848 
-704066589   461875220   579862972   -829413073   313637212   832295181   365842505   719454035   867984333   -248337416   -455716934 
338363449   792414801   442828699   449479655   497055666   -202625108   -732772959   318739666   -407780520   -512337561   933962218 
11
910099530   325815571   -425709576   -602503496   -179710334   -232531973   -480585665   882191623   217260298   715195521   -888886550 
924895308   -704386090   660319146   -529134536   728594973   -903595   489914889   425548333   917772136   766619708   -852732027 
734285644   -277813069   91227577   -235887138   970694107   697019517   -570168940   575974931   -767335766   975665894   864433479 
-199770903   632495600   -498926796   14845339   -817248681   583113381   206702534   -355465408   922561516   743633473   105580070 
204856102   62295544   -192844094   401935789   -320167955   763952903   28717883   672086113   855703647   631878165   939086501 
-191563260   -620485339   278466287   -557907921   -907564699   421581578   -907564699   -557907921   278466287   -620485339   -191563260 
939086501   631878165   855703647   672086113   28717883   763952903   -320167955   401935789   -192844094   62295544   204856102 
105580070   743633473   922561516   -355465408   206702534   583113381   -817248681   14845339   -498926796   632495600   -199770903 
864433479   975665894   -767335766   575974931   -570168940   697019517   970694107   -235887138   91227577   -277813069   734285644 
-852732027   766619708   917772136   425548333   489914889   -903595   728594973   -529134536   660319146   -704386090   924895308 
-888886550   715195521   217260298   882191623   -480585665   -232531973   -179710334   -602503496   -425709576   325815571   910099530 
11
-942023237   256526629   -155106968   -805639494   -291412347   -585355941   -972010768   809846925   -248524657   -383556636   -707618069 
754780514   -726919768   -82923146   -295450014   -385281753   -857516704   -998345493   528666976   23587804   -443696959   246904516 
573533621   118009769   -874199958   -820413145   -336799293   873499036   -493815007   -553557781   -87153547   841634899   254609994 
847979042   813907091   -86051697   539631275   843103775   952724660   -458656027   -827149598   -419447425   -593613827   -298249423 
-497177765   -296108802   947227728   -356738359   -247742867   370417606   -485666487   631659891   209716274   -191065979   768240676 
975664608   85346571   -447347401   -136590768   -624173551   325972323   -624173551   -136590768   -447347401   85346571   975664608 
768240676   -191065979   209716274   631659891   -485666487   370417606   -247742867   -356738359   947227728   -296108802   -497177765 
-298249423   -593613827   -419447425   -827149598   -458656027   952724660   843103775   539631275   -86051697   813907091   847979042 
254609994   841634899   -87153547   -553557781   -493815007   873499036   -336799293   -820413145   -874199958   118009769   573533621 
246904516   -443696959   23587804   528666976   -998345493   -857516704   -385281753   -295450014   -82923146   -726919768   754780514 
-707618069   -383556636   -248524657   809846925   -972010768   -585355941   -291412347   -805639494   -155106968   256526629   -942023237 
11
770110013   -231458091   -376917547   -767057008   789398955   -483910192   -694625850   815172686   683810627   100786402   926209109 
-640668888   -191276835   790536849   545565204   -398610898   453454709   -940489760   -582495146   887327571   669366456   468898775 
317018286   -330352515   233695953   -121864005   -718544855   44799113   -57513901   908671603   -102559173   529709872   -927599716 
421447502   311537545   533088881   -84825026   60563878   148537487   -926691709   -249771185   707286832   326554807   -139327299 
304562377   921605555   212931825   -77549837   -304741815   -647274318   -151836044   406842444   -261181797   92006057   -144998768 
-710101484   234481040   -779385850   -247888630   790923212   -298591857   790923212   -247888630   -779385850   234481040   -710101484 
-144998768   92006057   -261181797   406842444   -151836044   -647274318   -304741815   -77549837   212931825   921605555   304562377 
-139327299   326554807   707286832   -249771185   -926691709   148537487   60563878   -84825026   533088881   311537545   421447502 
-927599716   529709872   -102559173   908671603   -57513901   44799113   -718544855   -121864005   233695953   -330352515   317018286 
468898775   669366456   887327571   -582495146   -940489760   453454709   -398610898   545565204   790536849   -191276835   -640668888 
926209109   100786402   683810627   815172686   -694625850   -483910192   789398955   -767057008   -376917547   -231458091   770110013 
-1
