11
-662996315   525945923   502633847   866205612   -414504832   27833643   -805929848   -555740014   604438109   -84368243   -719238491 
299863284   638245502   -929143930   702483849   822493523   -966218455   -802152548   -415991393   353637234   -978030216   -222258664 
-196193751   229119800   47992794   725998500   -99066119   -595633482   -124964412   -442999593   635264277   -103855996   939316009 
-381328146   132196475   -892815396   -42840846   130700474   -789310246   676923683   -38645173   -652926445   -370661568   675187529 
308540089   208112061   -105554444   41910834   -449339688   -598769165   -865022037   -316656317   -600621169   -241238924   899624224 
-473385077   -510178544   580978929   -775037540   -490195147   394762502   -490195147   -775037540   580978929   -510178544   -473385077 
899624224   -241238924   -600621169   -316656317   -865022037   -598769165   -449339688   41910834   -105554444   208112061   308540089 
675187529   -370661568   -652926445   -38645173   676923683   -789310246   130700474   -42840846   -892815396   132196475   -381328146 
939316009   -103855996   635264277   -442999593   -124964412   -595633482   -99066119   725998500   47992794   229119800   -196193751 
-222258664   -978030216   353637234   -415991393   -802152548   -966218455   822493523   702483849   -929143930   638245502   299863284 
-719238491   -84368243   604438109   -555740014   -805929848   27833643   -414504832   866205612   502633847   525945923   -662996315 
11
-634901379   -581542298   558366871   -798895752   252250823   -929147681   820362069   186921869   791349826   -891404870   -488580223 
-912396506   131242957   501170801   386854107   225445039   -653117734   6588696   713194569   811784331   -244835721   384743873 
-205365468   378645586   632679791   -235507675   628534356   38262693   87637310   922319937   563289094   -763358937   567704836 
-838662519   -476011038   616234534   -359242924   -675202393   -543764649   -417583284   829880012   575025341   -863715408   562848658 
172562218   -29467946   -590393446   -462794615   -986203076   649532946   -929128392   413513559   -619847328   106382865   742322434 
569236855   329596558   946479844   34506384   934256619   -773112885   934256619   34506384   946479844   329596558   569236855 
742322434   106382865   -619847328   413513559   -929128392   649532946   -986203076   -462794615   -590393446   -29467946   172562218 
562848658   -863715408   575025341   829880012   -417583284   -543764649   -675202393   -359242924   616234534   -476011038   -838662519 
567704836   -763358937   563289094   922319937   87637310   38262693   628534356   -235507675   632679791   378645586   -205365468 
384743873   -244835721   811784331   713194569   6588696   -653117734   225445039   386854107   501170801   131242957   -912396506 
-488580223   -891404870   791349826   186921869   820362069   -929147681   252250823   -798895752   558366871   -581542298   -634901379 
11
465908349   567733397   610713760   -953740985   437605486   -961634689   -84488532   946740080   22941442   -663280703   -497067299 
-702503544   -716177136   -468847914   874315916   782332232   640994555   310267697   944952628   -851788038   283144205   320006469 
479629944   -518489589   810320827   656663633   397833619   -382021846   -896706611   -748480037   -517887395   -868056233   -876420417 
967582132   -617377659   -483090118   931162565   -534495975   -977738585   -730292822   752413090   762390335   -369823406   154646480 
242069944   921697993   -458127110   -572009737   -785322301   803661010   -125786869   -167497982   859554645   785200501   -411362997 
-200591447   128135041   -227185078   -409087129   -903103494   -355087103   -903103494   -409087129   -227185078   128135041   -200591447 
-411362997   785200501   859554645   -167497982   -125786869   803661010   -785322301   -572009737   -458127110   921697993   242069944 
154646480   -369823406   762390335   752413090   -730292822   -977738585   -534495975   931162565   -483090118   -617377659   967582132 
-876420417   -868056233   -517887395   -748480037   -896706611   -382021846   397833619   656663633   810320827   -518489589   479629944 
320006469   283144205   -851788038   944952628   310267697   640994555   782332232   874315916   -468847914   -716177136   -702503544 
-497067299   -663280703   22941442   946740080   -84488532   -961634689   437605486   -953740985   610713760   567733397   465908349 
11
-196244188   229538593   -22048179   -511141153   414698169   118794259   113494603   -121260730   522932840   156640995   798117695 
-210377734   -90421885   -498726815   796850716   242485804   -995000790   340572901   10034325   726581679   -320802311   906651543 
-841700630   -156592919   199826669   -83091846   -203763591   -47167300   -653858125   114305225   -257660759   611198853   -412405173 
-403807329   33427722   -521262461   248596597   761328839   217056628   -291131551   901658548   379272978   -55568478   -705432358 
-553789159   903888159   28561942   -613648976   196263878   -207873875   535225265   -721031476   964299942   -100708465   -547792541 
-701340280   433921159   303530905   -268583303   -207030191   -688667264   -207030191   -268583303   303530905   433921159   -701340280 
-547792541   -100708465   964299942   -721031476   535225265   -207873875   196263878   -613648976   28561942   903888159   -553789159 
-705432358   -55568478   379272978   901658548   -291131551   217056628   761328839   248596597   -521262461   33427722   -403807329 
-412405173   611198853   -257660759   114305225   -653858125   -47167300   -203763591   -83091846   199826669   -156592919   -841700630 
906651543   -320802311   726581679   10034325   340572901   -995000790   242485804   796850716   -498726815   -90421885   -210377734 
798117695   156640995   522932840   -121260730   113494603   118794259   414698169   -511141153   -22048179   229538593   -196244188 
11
-100406859   781397228   -443599354   -103960516   -313777389   126777580   -718588750   -35013451   -438614051   -790404540   -60516489 
-219425109   -894180997   -979383008   -769895566   352988076   -762835322   466479904   116530182   546862112   -913516690   -967663325 
-893188289   98795024   539325873   255968162   -609268104   64656032   301974777   248248930   276206870   136197489   757902142 
558320272   323452677   888189213   753614698   -235190041   -316438654   -659298881   -592514895   -13024199   -237255484   -782372951 
847539937   -746275817   160331568   -227304581   328566428   622633499   -310539753   -952621059   352911823   956158443   -996355760 
-434805657   475682   77410923   260742792   29194560   -251565114   29194560   260742792   77410923   475682   -434805657 
-996355760   956158443   352911823   -952621059   -310539753   622633499   328566428   -227304581   160331568   -746275817   847539937 
-782372951   -237255484   -13024199   -592514895   -659298881   -316438654   -235190041   753614698   888189213   323452677   558320272 
757902142   136197489   276206870   248248930   301974777   64656032   -609268104   255968162   539325873   98795024   -893188289 
-967663325   -913516690   546862112   116530182   466479904   -762835322   352988076   -769895566   -979383008   -894180997   -219425109 
-60516489   -790404540   -438614051   -35013451   -718588750   126777580   -313777389   -103960516   -443599354   781397228   -100406859 
11
-377756550   -632622583   -588032651   -174909361   330902134   185558450   -628195591   -746682137   -465889467   -411410545   676974073 
-372726714   466627533   -125317708   722482846   -568781   731306635   169845964   707500594   -709441356   509749209   19674522 
-213464168   727529212   -895418846   -697118889   -682682848   62610372   332301384   -965098699   242317151   620135125   -534413341 
92744292   729008916   25287295   124627015   -278191732   842522751   243034773   -848909909   675329991   964087916   -647358526 
-582802561   575207119   -365351885   175236754   936449109   597888451   -71268453   301047490   637782822   683863812   -824270378 
-464125055   -261818505   347018439   550067455   449470591   -76215028   449470591   550067455   347018439   -261818505   -464125055 
-824270378   683863812   637782822   301047490   -71268453   597888451   936449109   175236754   -365351885   575207119   -582802561 
-647358526   964087916   675329991   -848909909   243034773   842522751   -278191732   124627015   25287295   729008916   92744292 
-534413341   620135125   242317151   -965098699   332301384   62610372   -682682848   -697118889   -895418846   727529212   -213464168 
19674522   509749209   -709441356   707500594   169845964   731306635   -568781   722482846   -125317708   466627533   -372726714 
676974073   -411410545   -465889467   -746682137   -628195591   185558450   330902134   -174909361   -588032651   -632622583   -377756550 
12
215115889   382799297   -185617422   992085233   -55213880   -178328411   -448025381   -643905936   -99078093   -226441510   -382136084   -398584469 
234813802   172921770   875900590   443425279   -195053215   -321900573   -724066974   -663721281   -336430561   -593134300   -259552876   649452661 
776883825   504961962   561141029   -465310681   661190279   -648266234   437645199   408810569   -990006707   -248462200   -46119557   524971783 
879374972   -832000084   159566798   238893874   173450107   858286054   562213620   403970655   667708261   826895298   -237230859   927036794 
253072821   -234120416   279276280   657209265   979964058   -720191188   -818863357   -141912669   -890287656   -480322519   651486231   -424733123 
605131580   -301110864   162586666   8875583   -518229816   938196949   182198053   592924162   -463476124   217850482   -170752388   -57908433 
-57908433   -170752388   217850482   -463476124   592924162   182198053   938196949   -518229816   8875583   162586666   -301110864   605131580 
-424733123   651486231   -480322519   -890287656   -141912669   -818863357   -720191188   979964058   657209265   279276280   -234120416   253072821 
927036794   -237230859   826895298   667708261   403970655   562213620   858286054   173450107   238893874   159566798   -832000084   879374972 
524971783   -46119557   -248462200   -990006707   408810569   437645199   -648266234   661190279   -465310681   561141029   504961962   776883825 
649452661   -259552876   -593134300   -336430561   -663721281   -724066974   -321900573   -195053215   443425279   875900590   172921770   234813802 
-398584469   -382136084   -226441510   -99078093   -643905936   -448025381   -178328411   -55213880   992085233   -185617422   382799297   215115889 
12
800906365   621687266   291890647   872951419   689646904   996797255   946586319   462859160   -471604192   -72900404   -411677206   -371588134 
280055483   -784279657   -389374825   -48605024   -430531418   738528293   129485959   -362109030   667849528   718614648   -144478492   385226030 
887024970   -83848339   389192962   -677386201   -976680856   478510643   367379024   799248310   940165722   913690947   -861503482   -264857370 
991745448   200077413   -685405754   229444840   -778056834   197104747   -355435140   65346742   66837398   -257473811   -963867141   -993288535 
608722266   -487775882   934045645   -316101077   -156180198   689248225   783435101   51634454   -471557159   -993693038   155204699   413692705 
-381949907   313268864   604647519   712445798   818864111   -12591864   -681174414   653322436   250642562   -282133198   -852394056   -792686047 
-792686047   -852394056   -282133198   250642562   653322436   -681174414   -12591864   818864111   712445798   604647519   313268864   -381949907 
413692705   155204699   -993693038   -471557159   51634454   783435101   689248225   -156180198   -316101077   934045645   -487775882   608722266 
-993288535   -963867141   -257473811   66837398   65346742   -355435140   197104747   -778056834   229444840   -685405754   200077413   991745448 
-264857370   -861503482   913690947   940165722   799248310   367379024   478510643   -976680856   -677386201   389192962   -83848339   887024970 
385226030   -144478492   718614648   667849528   -362109030   129485959   738528293   -430531418   -48605024   -389374825   -784279657   280055483 
-371588134   -411677206   -72900404   -471604192   462859160   946586319   996797255   689646904   872951419   291890647   621687266   800906365 
12
-754710116   559768664   373581188   582134804   -470621893   637197846   -242695428   686887818   435981892   -499093993   808755791   -304142593 
436672173   451325088   586912633   820666434   -496954179   710667545   494123539   -520642310   -433479438   -276270603   -761856963   -745168111 
498928656   -973976558   493607118   -40464905   648898297   -892843013   -965093361   704171079   -109240614   451181161   366835532   310133002 
254959648   -674042178   395041227   -380816510   -382177520   -634632278   -341928067   -95235829   937621424   -764604981   279445905   -179386724 
509421231   169941327   -604998117   -251429003   395993052   828195233   -625879578   -551908397   -550201970   504591586   561455078   -435070623 
-796977887   77854821   -194732013   -772618614   -446169477   77325770   136635991   -960164311   476769027   977752644   336882573   -64075474 
-64075474   336882573   977752644   476769027   -960164311   136635991   77325770   -446169477   -772618614   -194732013   77854821   -796977887 
-435070623   561455078   504591586   -550201970   -551908397   -625879578   828195233   395993052   -251429003   -604998117   169941327   509421231 
-179386724   279445905   -764604981   937621424   -95235829   -341928067   -634632278   -382177520   -380816510   395041227   -674042178   254959648 
310133002   366835532   451181161   -109240614   704171079   -965093361   -892843013   648898297   -40464905   493607118   -973976558   498928656 
-745168111   -761856963   -276270603   -433479438   -520642310   494123539   710667545   -496954179   820666434   586912633   451325088   436672173 
-304142593   808755791   -499093993   435981892   686887818   -242695428   637197846   -470621893   582134804   373581188   559768664   -754710116 
12
907875440   -30502215   858302648   580432043   885835593   618518631   961472662   858548917   -433198403   -784127090   -957218748   -349763814 
650430927   42795040   -182312108   593178981   -466668004   -957733677   103454723   21507657   420358120   -652309759   -467709056   158496835 
912445377   -333956077   -274222035   -754609941   943373249   -809038777   -299827311   -833192227   -545303286   -345772620   718388570   202359543 
901424369   -281420236   -685221338   853986308   -79033321   -175902893   917545584   -675676992   663540284   214167915   494740478   -322277312 
608084715   -774830149   -397527338   27574684   -835395601   90024131   -13266339   -771367381   930545291   -179850554   232587282   484582772 
-368955496   311028513   810116644   -194008809   882995295   -953614689   121096335   -920446400   -199486291   -361631460   703894664   292222418 
292222418   703894664   -361631460   -199486291   -920446400   121096335   -953614689   882995295   -194008809   810116644   311028513   -368955496 
484582772   232587282   -179850554   930545291   -771367381   -13266339   90024131   -835395601   27574684   -397527338   -774830149   608084715 
-322277312   494740478   214167915   663540284   -675676992   917545584   -175902893   -79033321   853986308   -685221338   -281420236   901424369 
202359543   718388570   -345772620   -545303286   -833192227   -299827311   -809038777   943373249   -754609941   -274222035   -333956077   912445377 
158496835   -467709056   -652309759   420358120   21507657   103454723   -957733677   -466668004   593178981   -182312108   42795040   650430927 
-349763814   -957218748   -784127090   -433198403   858548917   961472662   618518631   885835593   580432043   858302648   -30502215   907875440 
-1
