12
840587952   660541399   329646521   -909897440   567070904   777371344   83959978   4118215   545601574   -187987577   -241093645   -123874281 
995713623   -465510634   -502244909   -291583612   -547287728   656709332   -225452352   561282596   -149208817   109410754   -863420299   821556837 
-307212286   391765254   548801350   822228748   -682595494   -922875821   -595566391   612104795   817079690   979244535   199111324   994320974 
-124100181   263111453   -781274618   -506994505   822596763   40380754   454440564   185828896   -810671173   -104845143   146055753   435281565 
-989840458   986178712   -297724608   -650744416   345639262   -609326013   -890190234   353183588   -382657533   121348552   -769500485   608642249 
-1130302   40743744   -185804136   -386656592   -221207401   409475334   178875485   -868064000   459686333   206442745   302341704   -406068767 
-406068767   302341704   206442745   459686333   -868064000   178875485   409475334   -221207401   -386656592   -185804136   40743744   -1130302 
608642249   -769500485   121348552   -382657533   353183588   -890190234   -609326013   345639262   -650744416   -297724608   986178712   -989840458 
435281565   146055753   -104845143   -810671173   185828896   454440564   40380754   822596763   -506994505   -781274618   263111453   -124100181 
994320974   199111324   979244535   817079690   612104795   -595566391   -922875821   -682595494   822228748   548801350   391765254   -307212286 
821556837   -863420299   109410754   -149208817   561282596   -225452352   656709332   -547287728   -291583612   -502244909   -465510634   995713623 
-123874281   -241093645   -187987577   545601574   4118215   83959978   777371344   567070904   -909897440   329646521   660541399   840587952 
12
-152908937   -359582951   716535359   363826970   528347092   12414996   -662670768   192480512   -445933030   455835694   -357580102   -194031954 
-328468620   55915618   815942959   -45030064   -315924096   -431832975   621068575   -952749430   242731976   -733144797   518192751   759164499 
-590532310   667077730   630897681   892602761   735986356   -471562435   457148843   -332509087   -800154798   -862118416   -827191965   787927919 
-724480915   33325817   811337952   868895565   -639345048   -542379734   -88651983   108913602   857375203   67492407   -333918155   -857382065 
700278012   267030942   -915506442   -515933493   617661259   -886614541   896025025   139758909   927919770   67518584   -539870615   -17723835 
-849799041   324159276   -598986701   -423246386   -226760440   -521284993   -947008274   -887012847   300954610   794654723   608885919   928666008 
928666008   608885919   794654723   300954610   -887012847   -947008274   -521284993   -226760440   -423246386   -598986701   324159276   -849799041 
-17723835   -539870615   67518584   927919770   139758909   896025025   -886614541   617661259   -515933493   -915506442   267030942   700278012 
-857382065   -333918155   67492407   857375203   108913602   -88651983   -542379734   -639345048   868895565   811337952   33325817   -724480915 
787927919   -827191965   -862118416   -800154798   -332509087   457148843   -471562435   735986356   892602761   630897681   667077730   -590532310 
759164499   518192751   -733144797   242731976   -952749430   621068575   -431832975   -315924096   -45030064   815942959   55915618   -328468620 
-194031954   -357580102   455835694   -445933030   192480512   -662670768   12414996   528347092   363826970   716535359   -359582951   -152908937 
12
420205543   446821036   417904606   -534898777   500558758   947193850   -867724715   -758333683   -135657261   976604291   479263803   405731832 
947116368   610243048   -179124395   307146163   -515257044   807773382   -482826194   -715074981   185245047   -249907227   656023873   92211368 
790205540   -874034072   330491898   8243956   619010113   -667055780   644707658   -310202595   -837309116   -403224658   587120544   -418314455 
-554469840   -467488444   447870669   14514460   108851033   -795148874   123691910   -587004387   557944378   636849898   -373487493   658455716 
973489895   -318859768   -674333845   -17537684   351338109   247015204   726387422   -482179687   -133511483   776487767   -509140763   394873103 
884193467   818153980   130024617   -650363257   -576355770   -310445406   -238405638   -283529406   -534149084   727292117   464115529   655862660 
655862660   464115529   727292117   -534149084   -283529406   -238405638   -310445406   -576355770   -650363257   130024617   818153980   884193467 
394873103   -509140763   776487767   -133511483   -482179687   726387422   247015204   351338109   -17537684   -674333845   -318859768   973489895 
658455716   -373487493   636849898   557944378   -587004387   123691910   -795148874   108851033   14514460   447870669   -467488444   -554469840 
-418314455   587120544   -403224658   -837309116   -310202595   644707658   -667055780   619010113   8243956   330491898   -874034072   790205540 
92211368   656023873   -249907227   185245047   -715074981   -482826194   807773382   -515257044   307146163   -179124395   610243048   947116368 
405731832   479263803   976604291   -135657261   -758333683   -867724715   947193850   500558758   -534898777   417904606   446821036   420205543 
12
-460653098   -744910232   -62238163   -4162888   883535509   -848659493   395712629   895256015   -150508500   -320823041   919162587   -775761620 
-782231824   40737275   -936296530   460443107   -220333252   861367397   49710652   -775567818   -178718760   889507431   609700630   -231747758 
593457700   -25030085   958032833   948917410   38582630   818948280   -503080965   845993098   -289776036   6419251   328063958   995953533 
-753856983   -666174781   298989014   -484099224   -174444693   376854155   -992425726   703995608   -992690217   -71297957   -696665803   277688378 
-654489602   346394077   -474096104   -176684646   -570782450   -877088344   -331343212   -89067713   -570091769   -312299776   -614453713   924096690 
818463533   380080654   -689388247   -180628850   -837856643   -539731251   -491873677   332371678   -781759585   890216783   -796979918   -885242647 
-885242647   -796979918   890216783   -781759585   332371678   -491873677   -539731251   -837856643   -180628850   -689388247   380080654   818463533 
924096690   -614453713   -312299776   -570091769   -89067713   -331343212   -877088344   -570782450   -176684646   -474096104   346394077   -654489602 
277688378   -696665803   -71297957   -992690217   703995608   -992425726   376854155   -174444693   -484099224   298989014   -666174781   -753856983 
995953533   328063958   6419251   -289776036   845993098   -503080965   818948280   38582630   948917410   958032833   -25030085   593457700 
-231747758   609700630   889507431   -178718760   -775567818   49710652   861367397   -220333252   460443107   -936296530   40737275   -782231824 
-775761620   919162587   -320823041   -150508500   895256015   395712629   -848659493   883535509   -4162888   -62238163   -744910232   -460653098 
12
970809595   -662969418   -173602303   30723063   -584009932   -217958993   673363914   -86107639   -968432170   -683982220   -500415211   -617125906 
-550627067   -184913762   209890729   437297187   60994896   -706947027   -345186735   -122630052   83279410   907609558   572744944   240983397 
-198182661   728981152   -452286707   -602363652   -113988277   -956834733   196713334   -623073328   227346175   214643063   280553024   285624495 
317891350   -34309214   -398853379   870268021   435802791   -36567587   129156272   -41500589   -288697100   -428731646   437584288   211831584 
-455707951   644149263   797860063   -208828626   -569242304   593396135   437315909   -166954692   -861623217   543672812   -637597020   -724739336 
-783047983   905894198   907741339   190879065   565725350   880474600   716018543   455711252   25168383   -356717022   -766373105   -583578129 
-583578129   -766373105   -356717022   25168383   455711252   716018543   880474600   565725350   190879065   907741339   905894198   -783047983 
-724739336   -637597020   543672812   -861623217   -166954692   437315909   593396135   -569242304   -208828626   797860063   644149263   -455707951 
211831584   437584288   -428731646   -288697100   -41500589   129156272   -36567587   435802791   870268021   -398853379   -34309214   317891350 
285624495   280553024   214643063   227346175   -623073328   196713334   -956834733   -113988277   -602363652   -452286707   728981152   -198182661 
240983397   572744944   907609558   83279410   -122630052   -345186735   -706947027   60994896   437297187   209890729   -184913762   -550627067 
-617125906   -500415211   -683982220   -968432170   -86107639   673363914   -217958993   -584009932   30723063   -173602303   -662969418   970809595 
12
148791999   -505009216   -382592743   -396632857   -957307838   -872768329   -191377964   -525383670   89352827   -290918268   688749567   -182817943 
-230951730   510438784   -437771532   144238446   -171937201   -671478051   990112941   756871075   182442106   -100665355   -251290545   -337487290 
-198476132   -57934188   473679474   -555099290   -601135795   -362147705   423129787   381557165   617347323   151075964   -281208463   128730898 
-542609451   190120998   -371928487   9024782   243865664   679165521   473032007   -5837118   639113793   -788369066   765552967   -804888816 
185841244   -387872759   -820352869   599480489   149705887   -203363449   -198921941   -236788470   850223085   -578034757   506503927   -644831684 
326198506   -973662834   -354340114   589937122   -37291375   349330192   230301806   -450320118   231466396   -548336546   -304765876   -706314523 
-706314523   -304765876   -548336546   231466396   -450320118   230301806   349330192   -37291375   589937122   -354340114   -973662834   326198506 
-644831684   506503927   -578034757   850223085   -236788470   -198921941   -203363449   149705887   599480489   -820352869   -387872759   185841244 
-804888816   765552967   -788369066   639113793   -5837118   473032007   679165521   243865664   9024782   -371928487   190120998   -542609451 
128730898   -281208463   151075964   617347323   381557165   423129787   -362147705   -601135795   -555099290   473679474   -57934188   -198476132 
-337487290   -251290545   -100665355   182442106   756871075   990112941   -671478051   -171937201   144238446   -437771532   510438784   -230951730 
-182817943   688749567   -290918268   89352827   -525383670   -191377964   -872768329   -957307838   -396632857   -382592743   -505009216   148791999 
12
-59881604   -528546008   208162067   -385068569   11475178   310433471   -553120247   106003024   11119633   -857243930   215977732   90689488 
111550372   -165166620   778797969   782836104   -546989060   589626505   628441533   -353991816   -639310116   -709333805   973141440   -638928910 
397283684   -97866763   -77044598   -305567848   -922819872   522749215   403192339   456665263   -378480232   -946026750   552946525   217150490 
445102122   948546118   -89201108   505154742   473751124   -340011886   -717337670   -827479940   495056930   -359972659   -748265845   -511123521 
-979809520   390059665   -171596518   682908908   -590264305   16131902   290863842   233644806   938184399   606495004   125775626   841617038 
301300449   668915712   91331753   -884275131   30129033   204174439   291742572   733889805   -591419227   -913918538   78628391   -39122802 
-39122802   78628391   -913918538   -591419227   733889805   291742572   204174439   30129033   -884275131   91331753   668915712   301300449 
841617038   125775626   606495004   938184399   233644806   290863842   16131902   -590264305   682908908   -171596518   390059665   -979809520 
-511123521   -748265845   -359972659   495056930   -827479940   -717337670   -340011886   473751124   505154742   -89201108   948546118   445102122 
217150490   552946525   -946026750   -378480232   456665263   403192339   522749215   -922819872   -305567848   -77044598   -97866763   397283684 
-638928910   973141440   -709333805   -639310116   -353991816   628441533   589626505   -546989060   782836104   778797969   -165166620   111550372 
90689488   215977732   -857243930   11119633   106003024   -553120247   310433471   11475178   -385068569   208162067   -528546008   -59881604 
12
220520313   -401573644   -332144622   646867054   -148363116   201458948   14445132   -113389671   549901553   -466980498   -537078586   550152705 
-194553674   -665923138   -138684343   -275581333   299180869   -572210835   679513898   -839287451   639418984   -859454425   -611058145   878490765 
770909004   60999545   575939153   -522319272   328242568   -277847504   -576270500   434492432   -211646490   -980519562   548527894   906492554 
610115012   365814565   692912213   -91809152   -24983446   -772595747   -289087024   9376874   992426196   672691843   430479880   202524180 
461253216   -878635776   760521187   825367337   -867085251   18673174   -10426984   -132209259   517914674   -214888095   137407351   424977443 
-427280438   199759024   760830012   1834921   789371608   -685372610   365871909   -311606300   537354913   510165817   -267826196   659693539 
659693539   -267826196   510165817   537354913   -311606300   365871909   -685372610   789371608   1834921   760830012   199759024   -427280438 
424977443   137407351   -214888095   517914674   -132209259   -10426984   18673174   -867085251   825367337   760521187   -878635776   461253216 
202524180   430479880   672691843   992426196   9376874   -289087024   -772595747   -24983446   -91809152   692912213   365814565   610115012 
906492554   548527894   -980519562   -211646490   434492432   -576270500   -277847504   328242568   -522319272   575939153   60999545   770909004 
878490765   -611058145   -859454425   639418984   -839287451   679513898   -572210835   299180869   -275581333   -138684343   -665923138   -194553674 
550152705   -537078586   -466980498   549901553   -113389671   14445132   201458948   -148363116   646867054   -332144622   -401573644   220520313 
13
839532922   279667812   -825466720   397623564   185403417   -129492390   146963319   -471095052   -749352354   -372456711   79176053   -578151907   215806958 
-497016930   -955110835   -264224499   99019888   885574675   308973736   -688098891   -484098348   -676676967   661670312   -214886944   50285892   208604676 
575594428   302771438   -72540845   -562890388   -166374686   -62445774   -837250865   -66412904   883528402   -537203392   84528769   664345128   -587664176 
-450628578   824719162   46238663   640635344   390624919   686913345   156332624   889376589   -431271275   672602163   -952185082   -472919999   655052198 
912339402   -57291806   -69917939   -396854927   -281740066   -346833317   433955476   -420415842   -547791783   431926580   -359717700   127976671   479724473 
485474298   431446581   548016609   155681285   -934592467   -229911847   -721447250   -453209397   793008864   858581513   204475643   182126060   -157193222 
-430521218   502653112   110782232   440288481   444977276   -783331979   411850882   -783331979   444977276   440288481   110782232   502653112   -430521218 
-157193222   182126060   204475643   858581513   793008864   -453209397   -721447250   -229911847   -934592467   155681285   548016609   431446581   485474298 
479724473   127976671   -359717700   431926580   -547791783   -420415842   433955476   -346833317   -281740066   -396854927   -69917939   -57291806   912339402 
655052198   -472919999   -952185082   672602163   -431271275   889376589   156332624   686913345   390624919   640635344   46238663   824719162   -450628578 
-587664176   664345128   84528769   -537203392   883528402   -66412904   -837250865   -62445774   -166374686   -562890388   -72540845   302771438   575594428 
208604676   50285892   -214886944   661670312   -676676967   -484098348   -688098891   308973736   885574675   99019888   -264224499   -955110835   -497016930 
215806958   -578151907   79176053   -372456711   -749352354   -471095052   146963319   -129492390   185403417   397623564   -825466720   279667812   839532922 
13
558925450   510921754   -527555013   683183119   262798383   457728749   634160720   463705218   346935352   851574222   668149241   267510900   178138909 
107907085   650890412   898573924   -386915340   662763960   -72531658   -916761473   -729521376   -324597613   -585315236   964911796   190192376   494121328 
-637351043   -421898805   -899589366   425279316   764611929   -598976017   257000319   372289033   -499087497   122159649   875095015   657490506   370975638 
-135121494   47614762   917002409   -319212331   -496370725   -865852615   911674149   -112212317   467624649   511869314   -498821780   803195468   -193440373 
58440676   368007954   -853996931   -676538734   -495680748   457759862   -671787852   574249876   -178246368   -868303569   456331567   715270048   807250200 
626449925   736873433   608553797   -595347818   157898783   -800855110   -469579353   -138356289   -603709081   -517934517   -513392572   383062189   897141041 
629775554   -458696921   -173834829   -718255722   -71598077   -156788273   -839184506   -156788273   -71598077   -718255722   -173834829   -458696921   629775554 
897141041   383062189   -513392572   -517934517   -603709081   -138356289   -469579353   -800855110   157898783   -595347818   608553797   736873433   626449925 
807250200   715270048   456331567   -868303569   -178246368   574249876   -671787852   457759862   -495680748   -676538734   -853996931   368007954   58440676 
-193440373   803195468   -498821780   511869314   467624649   -112212317   911674149   -865852615   -496370725   -319212331   917002409   47614762   -135121494 
370975638   657490506   875095015   122159649   -499087497   372289033   257000319   -598976017   764611929   425279316   -899589366   -421898805   -637351043 
494121328   190192376   964911796   -585315236   -324597613   -729521376   -916761473   -72531658   662763960   -386915340   898573924   650890412   107907085 
178138909   267510900   668149241   851574222   346935352   463705218   634160720   457728749   262798383   683183119   -527555013   510921754   558925450 
-1
