13
452438159   38601637   46259842   342255535   -392968389   427254905   11181433   629170244   -669496478   -631221096   -102130128   -815859839   -253385654 
952239513   -891672299   -330623492   -419326886   838515546   616832243   -524476388   483691358   590286452   982169792   -308451110   20697958   251832803 
267209376   169702794   301704632   767282688   452327858   -344937369   -120462989   857100728   -396615639   717896435   276818886   474679528   -285754639 
461132931   440885806   411703411   -695644229   -350974507   -45772846   -525450801   -533908923   -627231297   -477400262   748424420   650297779   87031785 
880822667   -908810008   373760348   -784759268   509311887   -150078635   113084519   -357186474   -861057894   -987107141   907351529   785816650   -224089999 
-205314790   344635500   400807057   -829076512   435769039   36240424   235670738   -483279070   838926220   620986829   -550723264   -964714029   179724086 
114271360   -365261077   -276591776   697580726   -204246952   788648212   -718584353   788648212   -204246952   697580726   -276591776   -365261077   114271360 
179724086   -964714029   -550723264   620986829   838926220   -483279070   235670738   36240424   435769039   -829076512   400807057   344635500   -205314790 
-224089999   785816650   907351529   -987107141   -861057894   -357186474   113084519   -150078635   509311887   -784759268   373760348   -908810008   880822667 
87031785   650297779   748424420   -477400262   -627231297   -533908923   -525450801   -45772846   -350974507   -695644229   411703411   440885806   461132931 
-285754639   474679528   276818886   717896435   -396615639   857100728   -120462989   -344937369   452327858   767282688   301704632   169702794   267209376 
251832803   20697958   -308451110   982169792   590286452   483691358   -524476388   616832243   838515546   -419326886   -330623492   -891672299   952239513 
-253385654   -815859839   -102130128   -631221096   -669496478   629170244   11181433   427254905   -392968389   342255535   46259842   38601637   452438159 
13
-412712423   953227920   891110459   -900515250   453789578   -510300934   649755705   -38419429   -528074677   -995784250   -881457496   -835124912   -908383979 
509260718   -255891162   -816475795   -956872714   -116059325   223462165   -494785146   -292509592   -316093283   -466610651   761161670   473471956   169412203 
313316221   660980920   -923904553   -493355006   439760411   -308363454   230938148   630581343   -399842580   -17024526   -642448948   -305284268   -443306250 
-898675248   659094907   -8915966   -116665197   -900017048   600490544   -953333145   -161486077   473781928   726314228   -735956653   549909352   -711101609 
523982623   -381587258   174538629   114123092   213480355   656113006   597880962   868537609   -488420871   -834249609   -184011239   -53769409   228257599 
254701709   349766558   264809395   697478184   76661304   278956188   33524935   -721932872   -310848217   -685750421   -886808918   -721624424   650264725 
-742948887   419361470   200639960   241910522   514214011   -796007589   -401228493   -796007589   514214011   241910522   200639960   419361470   -742948887 
650264725   -721624424   -886808918   -685750421   -310848217   -721932872   33524935   278956188   76661304   697478184   264809395   349766558   254701709 
228257599   -53769409   -184011239   -834249609   -488420871   868537609   597880962   656113006   213480355   114123092   174538629   -381587258   523982623 
-711101609   549909352   -735956653   726314228   473781928   -161486077   -953333145   600490544   -900017048   -116665197   -8915966   659094907   -898675248 
-443306250   -305284268   -642448948   -17024526   -399842580   630581343   230938148   -308363454   439760411   -493355006   -923904553   660980920   313316221 
169412203   473471956   761161670   -466610651   -316093283   -292509592   -494785146   223462165   -116059325   -956872714   -816475795   -255891162   509260718 
-908383979   -835124912   -881457496   -995784250   -528074677   -38419429   649755705   -510300934   453789578   -900515250   891110459   953227920   -412712423 
13
-674475636   106353063   -59574772   444289326   -74228704   -533954152   -180961193   922869092   -192014852   -283259372   642165289   -278440097   -422237932 
-831327237   471113322   -936235078   75993161   933677978   -876898009   217347313   894776122   100248554   -445490539   928299064   -282733901   -853829809 
-19648575   -517393712   900671115   -945031935   -961949252   597644763   -54744427   613709737   -185836930   -9072748   409932   -153246778   -90661159 
595883654   -447368120   -158048150   712750788   -817035208   96135972   270635366   -324043220   -402159939   -126411975   407609976   286150025   407510581 
-745888492   -376798899   130829710   -52355735   -968283365   -803206471   324988920   -672252505   551418811   -885859766   668210545   -534019033   973029188 
946997455   728939938   802974311   321378053   753989310   780936434   498023191   54309367   -1524504   -128037584   -332760809   -741825227   -598244587 
-207551833   -25021629   151874407   -946883716   295529538   607284704   -758995716   607284704   295529538   -946883716   151874407   -25021629   -207551833 
-598244587   -741825227   -332760809   -128037584   -1524504   54309367   498023191   780936434   753989310   321378053   802974311   728939938   946997455 
973029188   -534019033   668210545   -885859766   551418811   -672252505   324988920   -803206471   -968283365   -52355735   130829710   -376798899   -745888492 
407510581   286150025   407609976   -126411975   -402159939   -324043220   270635366   96135972   -817035208   712750788   -158048150   -447368120   595883654 
-90661159   -153246778   409932   -9072748   -185836930   613709737   -54744427   597644763   -961949252   -945031935   900671115   -517393712   -19648575 
-853829809   -282733901   928299064   -445490539   100248554   894776122   217347313   -876898009   933677978   75993161   -936235078   471113322   -831327237 
-422237932   -278440097   642165289   -283259372   -192014852   922869092   -180961193   -533954152   -74228704   444289326   -59574772   106353063   -674475636 
13
731201671   858059358   -964818709   -939776731   -526171530   76874313   -839499304   326423555   -107888739   56492580   -705657654   -452101007   -781792818 
-421344479   -874471610   -353095127   942550022   -389901788   476846579   614087515   980924323   -169865135   664100126   298659161   115777423   808453170 
-448048425   -453158261   747402321   -205639473   307401027   -89705244   422883589   356969235   680947567   412083262   612889639   498253777   557342700 
-542896675   579979241   942721788   -499954374   -544377696   582071389   -116630582   813959734   -26406918   895359399   500052475   487539764   -916590675 
-97593477   999961703   -574786273   -439196425   692564974   -839125713   650480521   -205289379   479563031   -741354437   -285376322   -296763816   92011176 
-132812363   146695388   665278416   -575785452   494661126   -260325075   506688536   664213539   -298121244   -978439850   228812864   -378788960   432437506 
859208819   -214011332   773502055   761766831   136526828   43235137   -880254209   43235137   136526828   761766831   773502055   -214011332   859208819 
432437506   -378788960   228812864   -978439850   -298121244   664213539   506688536   -260325075   494661126   -575785452   665278416   146695388   -132812363 
92011176   -296763816   -285376322   -741354437   479563031   -205289379   650480521   -839125713   692564974   -439196425   -574786273   999961703   -97593477 
-916590675   487539764   500052475   895359399   -26406918   813959734   -116630582   582071389   -544377696   -499954374   942721788   579979241   -542896675 
557342700   498253777   612889639   412083262   680947567   356969235   422883589   -89705244   307401027   -205639473   747402321   -453158261   -448048425 
808453170   115777423   298659161   664100126   -169865135   980924323   614087515   476846579   -389901788   942550022   -353095127   -874471610   -421344479 
-781792818   -452101007   -705657654   56492580   -107888739   326423555   -839499304   76874313   -526171530   -939776731   -964818709   858059358   731201671 
13
443379124   -220903734   637129876   -834094764   -767019778   640777304   259973764   -713231350   -639079478   -777473457   -52907390   -2476447   859879933 
316222508   952061288   -472827360   871221976   -381609843   630135210   -738242695   -697031737   597195004   652084659   -347928680   888107719   -542477653 
-451535871   -402089304   953443423   496115763   -911948592   686717112   -492294975   744951426   -333921997   -832140903   -792436855   -936690147   576378457 
-406578636   -552033837   846169334   738253375   30644750   90553790   -432237452   -924286305   250880577   -490629169   272604565   196662389   719333886 
-634710413   -220525174   -489659557   -873121101   259420610   197098278   -982317592   196321141   284487014   947359102   433605346   -419248443   -695863411 
-984038097   795871632   123047774   -983742751   541870945   -385557565   907662874   672368978   43794131   940781007   47013732   117035036   -252254303 
539867171   184289310   -216153798   481823937   -986315115   303265224   -793708879   303265224   -986315115   481823937   -216153798   184289310   539867171 
-252254303   117035036   47013732   940781007   43794131   672368978   907662874   -385557565   541870945   -983742751   123047774   795871632   -984038097 
-695863411   -419248443   433605346   947359102   284487014   196321141   -982317592   197098278   259420610   -873121101   -489659557   -220525174   -634710413 
719333886   196662389   272604565   -490629169   250880577   -924286305   -432237452   90553790   30644750   738253375   846169334   -552033837   -406578636 
576378457   -936690147   -792436855   -832140903   -333921997   744951426   -492294975   686717112   -911948592   496115763   953443423   -402089304   -451535871 
-542477653   888107719   -347928680   652084659   597195004   -697031737   -738242695   630135210   -381609843   871221976   -472827360   952061288   316222508 
859879933   -2476447   -52907390   -777473457   -639079478   -713231350   259973764   640777304   -767019778   -834094764   637129876   -220903734   443379124 
13
-155762287   -177012183   -10318301   -334626719   926650566   825813416   -309255361   -25108556   -499552606   -376298199   342112074   -52503768   -711818469 
-806875759   -189287934   -939502088   646666   84340946   749659611   395358265   -271722864   -29702634   -83665567   -21634121   -799910853   862092533 
-136024634   -987411773   -498187450   332490624   -281620849   -445990265   798310352   983828431   -29086586   599805316   397474230   336556138   911579157 
-90665973   -916659808   -114998769   -282579990   402457450   -705867467   608016209   -413629388   -525377798   -716539189   537100959   849750839   -721690895 
-856539285   754469710   531768016   -270146372   931608262   626305673   -269499111   -935982079   -894190268   275028501   312306319   -320453777   96725565 
-88062261   48342878   -796840522   -384783102   -905800644   -680476270   -946479547   298341384   -633756616   -59054027   338118346   -935431857   -244743286 
-945635002   96305477   743215876   32626246   362076979   235740202   93579445   235740202   362076979   32626246   743215876   96305477   -945635002 
-244743286   -935431857   338118346   -59054027   -633756616   298341384   -946479547   -680476270   -905800644   -384783102   -796840522   48342878   -88062261 
96725565   -320453777   312306319   275028501   -894190268   -935982079   -269499111   626305673   931608262   -270146372   531768016   754469710   -856539285 
-721690895   849750839   537100959   -716539189   -525377798   -413629388   608016209   -705867467   402457450   -282579990   -114998769   -916659808   -90665973 
911579157   336556138   397474230   599805316   -29086586   983828431   798310352   -445990265   -281620849   332490624   -498187450   -987411773   -136024634 
862092533   -799910853   -21634121   -83665567   -29702634   -271722864   395358265   749659611   84340946   646666   -939502088   -189287934   -806875759 
-711818469   -52503768   342112074   -376298199   -499552606   -25108556   -309255361   825813416   926650566   -334626719   -10318301   -177012183   -155762287 
13
-264156743   67840110   -108932824   -497068690   -915695379   -898707774   -302203611   -355344296   -810874894   -456857847   616956804   586457290   -439100777 
-99116406   174026239   771694326   -162269262   -291405794   99769095   -346559178   -922263597   -814433287   10722676   431406709   622992519   711208759 
-578444113   -927889175   -606211908   -443795317   790582150   196267018   979321833   -14086874   -998713615   579469798   -606688840   -100751102   54419192 
-446406144   -301740223   281104362   -554914948   700238553   -965882915   543084423   -667430237   991402098   514395628   -187207169   -571241943   -650071430 
880310719   -548177579   -78895357   560660074   767520788   -919233172   -886126250   -876763694   -484785897   600173155   441117515   8061790   -589508317 
-266555399   -803189890   -81428537   -182924332   -902739375   -411698741   489523753   -604542378   92030009   -495196631   382179689   -553394238   879424216 
397581872   -812214833   -2316188   801113429   49938427   -728296261   -290824126   -728296261   49938427   801113429   -2316188   -812214833   397581872 
879424216   -553394238   382179689   -495196631   92030009   -604542378   489523753   -411698741   -902739375   -182924332   -81428537   -803189890   -266555399 
-589508317   8061790   441117515   600173155   -484785897   -876763694   -886126250   -919233172   767520788   560660074   -78895357   -548177579   880310719 
-650071430   -571241943   -187207169   514395628   991402098   -667430237   543084423   -965882915   700238553   -554914948   281104362   -301740223   -446406144 
54419192   -100751102   -606688840   579469798   -998713615   -14086874   979321833   196267018   790582150   -443795317   -606211908   -927889175   -578444113 
711208759   622992519   431406709   10722676   -814433287   -922263597   -346559178   99769095   -291405794   -162269262   771694326   174026239   -99116406 
-439100777   586457290   616956804   -456857847   -810874894   -355344296   -302203611   -898707774   -915695379   -497068690   -108932824   67840110   -264156743 
13
-989079913   -103480592   -29505753   -445849995   908428133   377512419   135579739   -92527157   411207115   -964339404   411102837   -838758692   122925783 
438598538   997648143   -391197572   -706664079   -856691233   -214258012   -949640257   354191665   -259418879   191008696   -65721817   447547924   -678585109 
354242419   -768589931   397006074   18378491   531660368   -762292659   954192049   -68180937   -322090594   924174112   -251267048   279000910   -814976892 
-142055762   -172060622   -52294978   -603355382   -423214795   -346313704   530237810   -154384642   471427122   636812824   -141188271   781860586   4586237 
477555133   -587566547   319438477   799301584   -28697684   97014276   -890686887   -463784542   986051788   -578915482   -999787418   215641759   131030390 
-844461268   -767276186   944184265   -986348385   -796243013   594518065   -372801643   949014311   -182466744   -63086294   -286252805   -672678213   989263984 
121713185   -583165885   -630563770   -293086492   380639131   954686289   -570218256   954686289   380639131   -293086492   -630563770   -583165885   121713185 
989263984   -672678213   -286252805   -63086294   -182466744   949014311   -372801643   594518065   -796243013   -986348385   944184265   -767276186   -844461268 
131030390   215641759   -999787418   -578915482   986051788   -463784542   -890686887   97014276   -28697684   799301584   319438477   -587566547   477555133 
4586237   781860586   -141188271   636812824   471427122   -154384642   530237810   -346313704   -423214795   -603355382   -52294978   -172060622   -142055762 
-814976892   279000910   -251267048   924174112   -322090594   -68180937   954192049   -762292659   531660368   18378491   397006074   -768589931   354242419 
-678585109   447547924   -65721817   191008696   -259418879   354191665   -949640257   -214258012   -856691233   -706664079   -391197572   997648143   438598538 
122925783   -838758692   411102837   -964339404   411207115   -92527157   135579739   377512419   908428133   -445849995   -29505753   -103480592   -989079913 
13
205952471   -504564164   -400018328   -267262492   -327225982   -488221899   -480298284   -557790591   796866553   -97843267   -507224435   638164285   -436204671 
618965771   187736684   640048945   -105777986   -831850159   -657902355   -66251574   -697631802   883983438   755997868   -232046916   -86214405   -742659921 
-199405283   -498814324   888368684   -556357228   -455264312   711056011   -53600348   28683013   -411853752   673941070   -996985271   -642966570   -704398431 
741385674   202224203   -793920382   -490309184   47259433   -835001002   401668851   371565419   630876648   -786968646   786317928   636999217   -469507952 
-209776438   -280928752   -641568073   -349511214   90249268   166333225   -151715573   -805047839   720933551   888691991   -635195583   371118472   451001594 
-578807870   194001665   365050368   -401541924   9734610   -606225534   -981043936   -101295857   162475883   -957071504   507513117   -218040735   -546171343 
-508103701   330839094   386664368   265968901   865937180   213816612   597604563   213816612   865937180   265968901   386664368   330839094   -508103701 
-546171343   -218040735   507513117   -957071504   162475883   -101295857   -981043936   -606225534   9734610   -401541924   365050368   194001665   -578807870 
451001594   371118472   -635195583   888691991   720933551   -805047839   -151715573   166333225   90249268   -349511214   -641568073   -280928752   -209776438 
-469507952   636999217   786317928   -786968646   630876648   371565419   401668851   -835001002   47259433   -490309184   -793920382   202224203   741385674 
-704398431   -642966570   -996985271   673941070   -411853752   28683013   -53600348   711056011   -455264312   -556357228   888368684   -498814324   -199405283 
-742659921   -86214405   -232046916   755997868   883983438   -697631802   -66251574   -657902355   -831850159   -105777986   640048945   187736684   618965771 
-436204671   638164285   -507224435   -97843267   796866553   -557790591   -480298284   -488221899   -327225982   -267262492   -400018328   -504564164   205952471 
13
449981807   -104167828   29022120   -433776019   -189059730   106193402   76867773   -877869073   625742891   -78022150   990033591   130456810   -298007446 
-334155601   -119551019   197318307   -176985974   953765373   885864553   -831260661   -331871314   354911806   352024609   -440522081   949888317   -605752189 
-973532738   795159867   -476960105   -616097894   7832588   222070101   872840068   857353536   887170623   -560548994   -357989139   -617246315   -844070183 
86301913   587382451   -124285799   -3095202   17931062   -160187414   285782089   -591043774   -100560841   -123079565   -583431691   -632548118   997785238 
465956082   414184175   663738646   609416083   -901789072   615913448   493580893   -284978710   -942827877   233528540   -385819912   59899800   -976253221 
914827149   -298691833   -550356109   503585442   164015849   -168243200   -740120088   -128745595   -560134280   -290073183   -241294803   -780926038   373957157 
75085948   31698393   -958427516   -441586600   784112106   479839251   -165761088   479839251   784112106   -441586600   -958427516   31698393   75085948 
373957157   -780926038   -241294803   -290073183   -560134280   -128745595   -740120088   -168243200   164015849   503585442   -550356109   -298691833   914827149 
-976253221   59899800   -385819912   233528540   -942827877   -284978710   493580893   615913448   -901789072   609416083   663738646   414184175   465956082 
997785238   -632548118   -583431691   -123079565   -100560841   -591043774   285782089   -160187414   17931062   -3095202   -124285799   587382451   86301913 
-844070183   -617246315   -357989139   -560548994   887170623   857353536   872840068   222070101   7832588   -616097894   -476960105   795159867   -973532738 
-605752189   949888317   -440522081   352024609   354911806   -331871314   -831260661   885864553   953765373   -176985974   197318307   -119551019   -334155601 
-298007446   130456810   990033591   -78022150   625742891   -877869073   76867773   106193402   -189059730   -433776019   29022120   -104167828   449981807 
-1
